HBM_CATMAN12_DATAFILE
22/03/10
09:09
CHANNELS: 2
SEPARATOR: 9
MAXLINES: 678

Cel 500Kg	T(Cel 500Kg)
kgf	s
5	5

0,06061	0,00000
0,06061	0,10000
-992,96973	0,20000
0,00000	0,30000
0,06061	0,40000
0,06061	0,50000
0,06061	0,60000
0,06061	0,70000
0,06061	0,80000
0,06061	0,90000
0,06061	1,00000
0,06061	1,10000
0,06061	1,20000
0,06061	1,30000
0,06061	1,40000
0,06061	1,50000
0,06061	1,60000
0,06061	1,70000
0,06061	1,80000
0,06061	1,90000
0,06061	2,00000
0,09091	2,10000
0,09091	2,20000
0,09091	2,30000
0,09091	2,40000
0,09091	2,50000
0,09091	2,60000
0,09091	2,70000
0,09091	2,80000
0,09091	2,90000
0,09091	3,00000
0,12121	3,10000
0,12121	3,20000
0,12121	3,30000
0,12121	3,40000
0,12121	3,50000
0,12121	3,60000
0,12121	3,70000
0,12121	3,80000
0,12121	3,90000
0,15152	4,00000
0,15152	4,10000
0,15152	4,20000
0,15152	4,30000
0,15152	4,40000
0,15152	4,50000
0,18182	4,60000
0,15152	4,70000
0,18182	4,80000
0,18182	4,90000
0,18182	5,00000
0,21212	5,10000
0,21212	5,20000
0,21212	5,30000
0,21212	5,40000
0,21212	5,50000
0,21212	5,60000
0,24242	5,70000
0,24242	5,80000
0,24242	5,90000
0,24242	6,00000
0,24242	6,10000
0,24242	6,20000
0,27273	6,30000
0,27273	6,40000
0,27273	6,50000
0,27273	6,60000
0,30303	6,70000
0,30303	6,80000
0,30303	6,90000
0,30303	7,00000
0,30303	7,10000
0,33333	7,20000
0,33333	7,30000
0,33333	7,40000
0,33333	7,50000
0,36364	7,60000
0,36364	7,70000
0,36364	7,80000
0,39394	7,90000
0,39394	8,00000
0,39394	8,10000
0,39394	8,20000
0,42424	8,30000
0,42424	8,40000
0,42424	8,50000
0,45455	8,60000
0,45455	8,70000
0,45455	8,80000
0,48485	8,90000
0,48485	9,00000
0,48485	9,10000
0,51515	9,20000
0,51515	9,30000
0,54545	9,40000
0,54545	9,50000
0,54545	9,60000
0,54545	9,70000
0,57576	9,80000
0,57576	9,90000
0,60606	10,00000
0,60606	10,10000
0,60606	10,20000
0,63636	10,30000
0,66667	10,40000
0,66667	10,50000
0,69697	10,60000
0,69697	10,70000
0,69697	10,80000
0,72727	10,90000
0,72727	11,00000
0,75758	11,10000
0,78788	11,20000
0,78788	11,30000
0,81818	11,40000
0,81818	11,50000
0,84848	11,60000
0,84848	11,70000
0,87879	11,80000
0,87879	11,90000
0,90909	12,00000
0,90909	12,10000
0,93939	12,20000
0,96970	12,30000
0,96970	12,40000
1,00000	12,50000
1,03030	12,60000
1,06061	12,70000
1,06061	12,80000
1,09091	12,90000
1,09091	13,00000
1,12121	13,10000
1,12121	13,20000
1,15152	13,30000
1,15152	13,40000
1,18182	13,50000
1,18182	13,60000
1,18182	13,70000
1,21212	13,80000
1,21212	13,90000
1,24242	14,00000
1,24242	14,10000
1,27273	14,20000
1,30303	14,30000
1,30303	14,40000
1,33333	14,50000
1,36364	14,60000
1,36364	14,70000
1,39394	14,80000
1,39394	14,90000
1,42424	15,00000
1,45455	15,10000
1,48485	15,20000
1,51515	15,30000
1,51515	15,40000
1,54545	15,50000
1,57576	15,60000
1,60606	15,70000
1,60606	15,80000
1,63636	15,90000
1,66667	16,00000
1,66667	16,10000
1,69697	16,20000
1,72727	16,30000
1,72727	16,40000
1,75758	16,50000
1,78788	16,60000
1,81818	16,70000
1,81818	16,80000
1,84848	16,90000
1,87879	17,00000
1,87879	17,10000
1,90909	17,20000
1,93939	17,30000
1,96970	17,40000
2,00000	17,50000
2,00000	17,60000
2,03030	17,70000
2,06061	17,80000
2,09091	17,90000
2,09091	18,00000
2,12121	18,10000
2,15152	18,20000
2,18182	18,30000
2,18182	18,40000
2,21212	18,50000
2,24242	18,60000
2,27273	18,70000
2,30303	18,80000
2,30303	18,90000
2,33333	19,00000
2,36364	19,10000
2,36364	19,20000
2,39394	19,30000
2,42424	19,40000
2,45455	19,50000
2,48485	19,60000
2,48485	19,70000
2,51515	19,80000
2,54545	19,90000
2,54545	20,00000
2,57576	20,10000
2,60606	20,20000
2,60606	20,30000
2,63636	20,40000
2,66667	20,50000
2,69697	20,60000
2,69697	20,70000
2,72727	20,80000
2,75758	20,90000
2,75758	21,00000
2,78788	21,10000
2,81818	21,20000
2,84848	21,30000
2,87879	21,40000
2,87879	21,50000
2,90909	21,60000
2,90909	21,70000
2,93939	21,80000
2,96970	21,90000
3,00000	22,00000
3,00000	22,10000
3,03030	22,20000
3,06061	22,30000
3,09091	22,40000
3,09091	22,50000
3,12121	22,60000
3,15152	22,70000
3,15152	22,80000
3,18182	22,90000
3,21212	23,00000
3,24242	23,10000
3,24242	23,20000
3,27273	23,30000
3,30303	23,40000
3,33333	23,50000
3,33333	23,60000
3,36364	23,70000
3,39394	23,80000
3,39394	23,90000
3,42424	24,00000
3,45455	24,10000
3,45455	24,20000
3,48485	24,30000
3,48485	24,40000
3,51515	24,50000
3,54545	24,60000
3,57576	24,70000
3,57576	24,80000
3,60606	24,90000
3,63636	25,00000
3,63636	25,10000
3,66667	25,20000
3,66667	25,30000
3,69697	25,40000
3,72727	25,50000
3,75758	25,60000
3,75758	25,70000
3,78788	25,80000
3,81818	25,90000
3,81818	26,00000
3,84848	26,10000
3,87879	26,20000
3,87879	26,30000
3,90909	26,40000
3,93939	26,50000
3,96970	26,60000
3,96970	26,70000
4,00000	26,80000
4,03030	26,90000
4,03030	27,00000
4,06061	27,10000
4,09091	27,20000
4,12121	27,30000
4,12121	27,40000
4,18182	27,50000
4,18182	27,60000
4,21212	27,70000
4,21212	27,80000
4,24242	27,90000
4,27273	28,00000
4,30303	28,10000
4,30303	28,20000
4,33333	28,30000
4,36364	28,40000
4,39394	28,50000
4,39394	28,60000
4,42424	28,70000
4,45455	28,80000
4,48485	28,90000
4,48485	29,00000
4,51515	29,10000
4,54545	29,20000
4,57576	29,30000
4,57576	29,40000
4,60606	29,50000
4,63636	29,60000
4,66667	29,70000
4,66667	29,80000
4,69697	29,90000
4,72727	30,00000
4,75758	30,10000
4,78788	30,20000
4,78788	30,30000
4,81818	30,40000
4,84848	30,50000
4,84848	30,60000
4,87879	30,70000
4,90909	30,80000
4,93939	30,90000
4,93939	31,00000
4,96970	31,10000
5,00000	31,20000
5,03030	31,30000
5,03030	31,40000
5,06061	31,50000
5,06061	31,60000
5,09091	31,70000
5,12121	31,80000
5,15152	31,90000
5,15152	32,00000
5,18182	32,10000
5,21212	32,20000
5,21212	32,30000
5,24242	32,40000
5,27273	32,50000
5,27273	32,60000
5,30303	32,70000
5,33333	32,80000
5,36364	32,90000
5,36364	33,00000
5,39394	33,10000
5,39394	33,20000
5,42424	33,30000
5,45455	33,40000
5,45455	33,50000
5,48485	33,60000
5,51515	33,70000
5,54545	33,80000
5,57576	33,90000
5,60606	34,00000
5,60606	34,10000
5,63636	34,20000
5,66667	34,30000
5,69697	34,40000
5,72727	34,50000
5,72727	34,60000
5,75758	34,70000
5,78788	34,80000
5,81818	34,90000
5,81818	35,00000
5,84848	35,10000
5,87879	35,20000
5,87879	35,30000
5,90909	35,40000
5,93939	35,50000
5,96970	35,60000
6,00000	35,70000
6,00000	35,80000
6,03030	35,90000
6,06061	36,00000
6,09091	36,10000
6,09091	36,20000
6,12121	36,30000
6,15152	36,40000
6,18182	36,50000
6,18182	36,60000
6,21212	36,70000
6,24242	36,80000
6,27273	36,90000
6,27273	37,00000
6,30303	37,10000
6,33333	37,20000
6,36364	37,30000
6,36364	37,40000
6,39394	37,50000
6,42424	37,60000
6,45455	37,70000
6,48485	37,80000
6,48485	37,90000
6,51515	38,00000
6,54545	38,10000
6,57576	38,20000
6,57576	38,30000
6,60606	38,40000
6,63636	38,50000
6,66667	38,60000
6,66667	38,70000
6,69697	38,80000
6,72727	38,90000
6,75758	39,00000
6,75758	39,10000
6,78788	39,20000
6,81818	39,30000
6,84848	39,40000
6,84848	39,50000
6,87879	39,60000
6,90909	39,70000
6,93939	39,80000
6,93939	39,90000
6,96970	40,00000
7,00000	40,10000
7,00000	40,20000
7,02970	40,30000
7,05941	40,40000
7,08911	40,50000
7,11881	40,60000
7,11881	40,70000
7,14851	40,80000
7,17822	40,90000
7,20792	41,00000
7,20792	41,10000
7,23762	41,20000
7,26733	41,30000
7,29703	41,40000
7,29703	41,50000
7,32673	41,60000
7,35644	41,70000
7,38614	41,80000
7,38614	41,90000
7,41584	42,00000
7,44554	42,10000
7,47525	42,20000
7,50495	42,30000
7,50495	42,40000
7,53465	42,50000
7,56436	42,60000
7,59406	42,70000
7,62376	42,80000
7,65347	42,90000
7,68317	43,00000
7,71287	43,10000
7,71287	43,20000
7,74257	43,30000
7,77228	43,40000
7,80198	43,50000
7,83168	43,60000
7,86139	43,70000
7,89109	43,80000
7,92079	43,90000
7,95049	44,00000
7,95049	44,10000
7,98020	44,20000
8,00990	44,30000
8,03960	44,40000
8,06931	44,50000
8,09901	44,60000
8,12871	44,70000
8,15842	44,80000
8,15842	44,90000
8,18812	45,00000
8,21782	45,10000
8,24753	45,20000
8,27723	45,30000
8,30693	45,40000
8,33663	45,50000
8,36634	45,60000
8,36634	45,70000
8,39604	45,80000
8,42574	45,90000
8,45545	46,00000
8,48515	46,10000
8,51485	46,20000
8,54455	46,30000
8,57426	46,40000
8,57426	46,50000
8,60396	46,60000
8,63366	46,70000
8,66337	46,80000
8,69307	46,90000
8,72277	47,00000
8,75247	47,10000
8,78218	47,20000
8,81188	47,30000
8,81188	47,40000
8,84158	47,50000
8,87129	47,60000
8,90099	47,70000
8,93069	47,80000
8,96040	47,90000
8,99010	48,00000
9,01980	48,10000
9,04950	48,20000
9,07921	48,30000
9,10891	48,40000
9,10891	48,50000
9,13861	48,60000
9,16832	48,70000
9,19802	48,80000
9,22772	48,90000
9,25743	49,00000
9,28713	49,10000
9,31683	49,20000
9,34653	49,30000
9,37624	49,40000
9,40594	49,50000
9,43564	49,60000
9,46535	49,70000
9,49505	49,80000
9,52475	49,90000
9,55446	50,00000
9,58416	50,10000
9,61386	50,20000
9,64356	50,30000
9,64356	50,40000
9,67327	50,50000
9,70297	50,60000
9,73267	50,70000
9,79208	50,80000
9,82178	50,90000
9,82178	51,00000
9,85148	51,10000
9,88119	51,20000
9,91089	51,30000
9,94059	51,40000
9,97030	51,50000
10,00000	51,60000
10,06024	51,70000
10,09036	51,80000
10,09036	51,90000
10,12048	52,00000
10,15060	52,10000
10,18072	52,20000
10,21084	52,30000
10,24096	52,40000
10,27108	52,50000
10,33132	52,60000
10,36145	52,70000
10,39157	52,80000
10,42169	52,90000
10,42169	53,00000
10,48193	53,10000
10,51205	53,20000
10,54217	53,30000
10,57229	53,40000
10,60241	53,50000
10,63253	53,60000
10,66265	53,70000
10,69277	53,80000
10,72289	53,90000
10,75301	54,00000
10,78313	54,10000
10,81325	54,20000
10,87349	54,30000
10,90361	54,40000
10,93373	54,50000
10,96386	54,60000
10,99398	54,70000
11,02410	54,80000
11,05422	54,90000
11,08434	55,00000
11,11446	55,10000
11,14458	55,20000
11,17470	55,30000
11,23494	55,40000
11,26506	55,50000
11,29518	55,60000
11,32530	55,70000
11,35542	55,80000
11,38554	55,90000
11,41566	56,00000
11,44578	56,10000
11,47590	56,20000
11,50602	56,30000
11,56627	56,40000
11,59639	56,50000
11,62651	56,60000
11,65663	56,70000
11,68675	56,80000
11,71687	56,90000
11,77711	57,00000
11,80723	57,10000
11,83735	57,20000
11,86747	57,30000
11,89759	57,40000
11,92771	57,50000
11,98795	57,60000
12,01807	57,70000
12,04819	57,80000
12,07831	57,90000
12,10843	58,00000
12,16867	58,10000
12,19879	58,20000
12,22892	58,30000
12,25904	58,40000
12,28916	58,50000
12,34940	58,60000
12,37952	58,70000
12,40964	58,80000
12,43976	58,90000
12,46988	59,00000
12,53012	59,10000
12,56024	59,20000
12,59036	59,30000
12,62048	59,40000
12,68072	59,50000
12,71084	59,60000
12,74096	59,70000
12,77108	59,80000
12,80120	59,90000
12,86145	60,00000
12,89157	60,10000
12,92169	60,20000
12,95181	60,30000
12,98193	60,40000
13,04217	60,50000
13,07229	60,60000
13,10241	60,70000
13,13253	60,80000
13,19277	60,90000
13,22289	61,00000
13,25301	61,10000
13,28313	61,20000
13,31325	61,30000
13,34337	61,40000
13,40361	61,50000
13,43373	61,60000
13,46386	61,70000
13,49398	61,80000
13,55422	61,90000
13,58434	62,00000
13,61446	62,10000
13,64458	62,20000
13,70482	62,30000
13,73494	62,40000
13,76506	62,50000
13,82530	62,60000
13,85542	62,70000
13,88554	62,80000
13,91566	62,90000
13,97590	63,00000
14,00602	63,10000
14,03614	63,20000
14,06627	63,30000
14,12651	63,40000
14,15663	63,50000
14,18675	63,60000
14,24699	63,70000
14,27711	63,80000
14,30723	63,90000
14,33735	64,00000
14,36747	64,10000
14,39759	64,20000
14,45783	64,30000
14,48795	64,40000
14,51807	64,50000
14,54819	64,60000
14,60843	64,70000
14,63855	64,80000
14,66867	64,90000
14,72892	65,00000
14,75904	65,10000
14,78916	65,20000
14,81928	65,30000
14,84940	65,40000
14,87952	65,50000
14,93976	65,60000
14,96988	65,70000
15,03012	65,80000
15,06024	65,90000
15,09036	66,00000
15,12048	66,10000
15,15060	66,20000
15,21084	66,30000
15,24096	66,40000
15,27108	66,50000
15,30120	66,60000
15,36145	66,70000
15,39157	66,80000
15,12048	66,90000
11,71687	67,00000
11,20482	67,10000
11,20482	67,20000
11,23494	67,30000
11,29518	67,40000
11,32530	67,50000
11,38554	67,60000
11,44578	67,70000
