HBM_CATMAN12_DATAFILE
22/03/10
09:06
CHANNELS: 2
SEPARATOR: 9
MAXLINES: 843

Cel 500Kg	T(Cel 500Kg)
kgf	s
5	5

0,03030	0,00000
0,03030	0,10000
0,03030	0,20000
0,03030	0,30000
0,03030	0,40000
0,03030	0,50000
0,03030	0,60000
0,03030	0,70000
0,03030	0,80000
0,03030	0,90000
0,03030	1,00000
0,03030	1,10000
0,03030	1,20000
0,03030	1,30000
0,03030	1,40000
0,03030	1,50000
0,03030	1,60000
0,03030	1,70000
0,03030	1,80000
0,03030	1,90000
0,03030	2,00000
0,03030	2,10000
0,03030	2,20000
0,03030	2,30000
0,03030	2,40000
0,03030	2,50000
0,03030	2,60000
0,03030	2,70000
0,03030	2,80000
0,03030	2,90000
0,03030	3,00000
0,03030	3,10000
0,03030	3,20000
0,03030	3,30000
0,03030	3,40000
0,03030	3,50000
0,03030	3,60000
0,03030	3,70000
0,03030	3,80000
0,03030	3,90000
0,03030	4,00000
0,03030	4,10000
0,03030	4,20000
0,03030	4,30000
0,03030	4,40000
0,03030	4,50000
0,03030	4,60000
0,03030	4,70000
0,03030	4,80000
0,03030	4,90000
0,03030	5,00000
0,03030	5,10000
0,03030	5,20000
0,03030	5,30000
0,03030	5,40000
0,03030	5,50000
0,03030	5,60000
0,03030	5,70000
0,03030	5,80000
0,06061	5,90000
0,06061	6,00000
0,06061	6,10000
0,06061	6,20000
0,06061	6,30000
0,06061	6,40000
0,06061	6,50000
0,09091	6,60000
0,09091	6,70000
0,09091	6,80000
0,09091	6,90000
0,09091	7,00000
0,09091	7,10000
0,09091	7,20000
0,12121	7,30000
0,12121	7,40000
0,12121	7,50000
0,12121	7,60000
0,12121	7,70000
0,15152	7,80000
0,15152	7,90000
0,15152	8,00000
0,15152	8,10000
0,18182	8,20000
0,18182	8,30000
0,18182	8,40000
0,18182	8,50000
0,18182	8,60000
0,18182	8,70000
0,21212	8,80000
0,21212	8,90000
0,21212	9,00000
0,21212	9,10000
0,24242	9,20000
0,24242	9,30000
0,24242	9,40000
0,24242	9,50000
0,27273	9,60000
0,27273	9,70000
0,27273	9,80000
0,30303	9,90000
0,30303	10,00000
0,30303	10,10000
0,30303	10,20000
0,33333	10,30000
0,33333	10,40000
0,33333	10,50000
0,36364	10,60000
0,36364	10,70000
0,36364	10,80000
0,39394	10,90000
0,39394	11,00000
0,39394	11,10000
0,42424	11,20000
0,42424	11,30000
0,45455	11,40000
0,45455	11,50000
0,45455	11,60000
0,48485	11,70000
0,48485	11,80000
0,51515	11,90000
0,51515	12,00000
0,51515	12,10000
0,54545	12,20000
0,54545	12,30000
0,57576	12,40000
0,57576	12,50000
0,60606	12,60000
0,60606	12,70000
0,63636	12,80000
0,63636	12,90000
0,66667	13,00000
0,66667	13,10000
0,69697	13,20000
0,69697	13,30000
0,72727	13,40000
0,72727	13,50000
0,75758	13,60000
0,78788	13,70000
0,78788	13,80000
0,81818	13,90000
0,84848	14,00000
0,84848	14,10000
0,87879	14,20000
0,90909	14,30000
0,90909	14,40000
0,93939	14,50000
0,96970	14,60000
0,96970	14,70000
1,00000	14,80000
1,03030	14,90000
1,03030	15,00000
1,06061	15,10000
1,09091	15,20000
1,09091	15,30000
1,12121	15,40000
1,15152	15,50000
1,18182	15,60000
1,18182	15,70000
1,21212	15,80000
1,24242	15,90000
1,24242	16,00000
1,27273	16,10000
1,30303	16,20000
1,33333	16,30000
1,33333	16,40000
1,36364	16,50000
1,39394	16,60000
1,42424	16,70000
1,42424	16,80000
1,45455	16,90000
1,48485	17,00000
1,51515	17,10000
1,51515	17,20000
1,54545	17,30000
1,57576	17,40000
1,60606	17,50000
1,60606	17,60000
1,63636	17,70000
1,66667	17,80000
1,69697	17,90000
1,72727	18,00000
1,72727	18,10000
1,75758	18,20000
1,78788	18,30000
1,78788	18,40000
1,81818	18,50000
1,84848	18,60000
1,87879	18,70000
1,90909	18,80000
1,93939	18,90000
1,93939	19,00000
1,96970	19,10000
2,00000	19,20000
2,00000	19,30000
2,03030	19,40000
2,06061	19,50000
2,06061	19,60000
2,09091	19,70000
2,12121	19,80000
2,15152	19,90000
2,18182	20,00000
2,18182	20,10000
2,21212	20,20000
2,21212	20,30000
2,24242	20,40000
2,27273	20,50000
2,27273	20,60000
2,30303	20,70000
2,30303	20,80000
2,33333	20,90000
2,33333	21,00000
2,30303	21,10000
2,33333	21,20000
2,33333	21,30000
2,36364	21,40000
2,39394	21,50000
2,42424	21,60000
2,42424	21,70000
2,45455	21,80000
2,45455	21,90000
2,48485	22,00000
2,51515	22,10000
2,51515	22,20000
2,54545	22,30000
2,54545	22,40000
2,57576	22,50000
2,60606	22,60000
2,60606	22,70000
2,63636	22,80000
2,63636	22,90000
2,66667	23,00000
2,69697	23,10000
2,69697	23,20000
2,72727	23,30000
2,75758	23,40000
2,75758	23,50000
2,78788	23,60000
2,81818	23,70000
2,84848	23,80000
2,84848	23,90000
2,87879	24,00000
2,90909	24,10000
2,90909	24,20000
2,93939	24,30000
2,93939	24,40000
2,96970	24,50000
3,00000	24,60000
3,00000	24,70000
3,03030	24,80000
3,06061	24,90000
3,06061	25,00000
3,09091	25,10000
3,09091	25,20000
3,12121	25,30000
3,15152	25,40000
3,15152	25,50000
3,18182	25,60000
3,21212	25,70000
3,21212	25,80000
3,24242	25,90000
3,27273	26,00000
3,27273	26,10000
3,30303	26,20000
3,33333	26,30000
3,33333	26,40000
3,36364	26,50000
3,39394	26,60000
3,39394	26,70000
3,39394	26,80000
3,42424	26,90000
3,45455	27,00000
3,48485	27,10000
3,48485	27,20000
3,51515	27,30000
3,54545	27,40000
3,54545	27,50000
3,57576	27,60000
3,57576	27,70000
3,60606	27,80000
3,63636	27,90000
3,66667	28,00000
3,66667	28,10000
3,69697	28,20000
3,72727	28,30000
3,72727	28,40000
3,75758	28,50000
3,78788	28,60000
3,78788	28,70000
3,81818	28,80000
3,84848	28,90000
3,84848	29,00000
3,87879	29,10000
3,90909	29,20000
3,90909	29,30000
3,93939	29,40000
3,93939	29,50000
3,96970	29,60000
4,00000	29,70000
4,00000	29,80000
4,03030	29,90000
4,06061	30,00000
4,06061	30,10000
4,09091	30,20000
4,09091	30,30000
4,12121	30,40000
4,15152	30,50000
4,15152	30,60000
4,18182	30,70000
4,21212	30,80000
4,21212	30,90000
4,24242	31,00000
4,24242	31,10000
4,27273	31,20000
4,30303	31,30000
4,30303	31,40000
4,33333	31,50000
4,36364	31,60000
4,36364	31,70000
4,39394	31,80000
4,42424	31,90000
4,42424	32,00000
4,45455	32,10000
4,48485	32,20000
4,48485	32,30000
4,51515	32,40000
4,54545	32,50000
4,54545	32,60000
4,57576	32,70000
4,57576	32,80000
4,60606	32,90000
4,63636	33,00000
4,63636	33,10000
4,66667	33,20000
4,69697	33,30000
4,69697	33,40000
4,72727	33,50000
4,72727	33,60000
4,75758	33,70000
4,78788	33,80000
4,81818	33,90000
4,81818	34,00000
4,84848	34,10000
4,84848	34,20000
4,87879	34,30000
4,90909	34,40000
4,90909	34,50000
4,93939	34,60000
4,96970	34,70000
4,96970	34,80000
5,00000	34,90000
5,03030	35,00000
5,03030	35,10000
5,06061	35,20000
5,06061	35,30000
5,09091	35,40000
5,09091	35,50000
5,12121	35,60000
5,15152	35,70000
5,15152	35,80000
5,18182	35,90000
5,21212	36,00000
5,21212	36,10000
5,24242	36,20000
5,27273	36,30000
5,27273	36,40000
5,30303	36,50000
5,30303	36,60000
5,33333	36,70000
5,33333	36,80000
5,36364	36,90000
5,36364	37,00000
5,39394	37,10000
5,39394	37,20000
5,42424	37,30000
5,45455	37,40000
5,48485	37,50000
5,48485	37,60000
5,51515	37,70000
5,54545	37,80000
5,57576	37,90000
5,57576	38,00000
5,60606	38,10000
5,63636	38,20000
5,66667	38,30000
5,66667	38,40000
5,69697	38,50000
5,72727	38,60000
5,72727	38,70000
5,75758	38,80000
5,78788	38,90000
5,78788	39,00000
5,81818	39,10000
5,81818	39,20000
5,84848	39,30000
5,87879	39,40000
5,90909	39,50000
5,90909	39,60000
5,93939	39,70000
5,96970	39,80000
5,96970	39,90000
6,00000	40,00000
6,03030	40,10000
6,06061	40,20000
6,06061	40,30000
6,09091	40,40000
6,12121	40,50000
6,12121	40,60000
6,15152	40,70000
6,18182	40,80000
6,18182	40,90000
6,21212	41,00000
6,24242	41,10000
6,24242	41,20000
6,27273	41,30000
6,30303	41,40000
6,30303	41,50000
6,33333	41,60000
6,33333	41,70000
6,36364	41,80000
6,39394	41,90000
6,42424	42,00000
6,42424	42,10000
6,45455	42,20000
6,48485	42,30000
6,51515	42,40000
6,51515	42,50000
6,54545	42,60000
6,57576	42,70000
6,60606	42,80000
6,60606	42,90000
6,63636	43,00000
6,66667	43,10000
6,66667	43,20000
6,69697	43,30000
6,72727	43,40000
6,75758	43,50000
6,75758	43,60000
6,78788	43,70000
6,81818	43,80000
6,84848	43,90000
6,87879	44,00000
6,87879	44,10000
6,90909	44,20000
6,90909	44,30000
6,93939	44,40000
6,96970	44,50000
6,96970	44,60000
7,00000	44,70000
7,02970	44,80000
7,05941	44,90000
7,05941	45,00000
7,08911	45,10000
7,11881	45,20000
7,11881	45,30000
7,14851	45,40000
7,17822	45,50000
7,20792	45,60000
7,20792	45,70000
7,23762	45,80000
7,26733	45,90000
7,29703	46,00000
7,29703	46,10000
7,32673	46,20000
7,35644	46,30000
7,35644	46,40000
7,38614	46,50000
7,41584	46,60000
7,44554	46,70000
7,44554	46,80000
7,47525	46,90000
7,50495	47,00000
7,53465	47,10000
7,53465	47,20000
7,56436	47,30000
7,59406	47,40000
7,62376	47,50000
7,62376	47,60000
7,65347	47,70000
7,68317	47,80000
7,71287	47,90000
7,71287	48,00000
7,74257	48,10000
7,77228	48,20000
7,80198	48,30000
7,80198	48,40000
7,83168	48,50000
7,86139	48,60000
7,86139	48,70000
7,89109	48,80000
7,92079	48,90000
7,95049	49,00000
7,95049	49,10000
7,98020	49,20000
8,00990	49,30000
8,03960	49,40000
8,03960	49,50000
8,06931	49,60000
8,09901	49,70000
8,09901	49,80000
8,12871	49,90000
8,15842	50,00000
8,18812	50,10000
8,21782	50,20000
8,21782	50,30000
8,24753	50,40000
8,27723	50,50000
8,30693	50,60000
8,33663	50,70000
8,36634	50,80000
8,39604	50,90000
8,42574	51,00000
8,45545	51,10000
8,45545	51,20000
8,48515	51,30000
8,51485	51,40000
8,54455	51,50000
8,54455	51,60000
8,57426	51,70000
8,60396	51,80000
8,63366	51,90000
8,66337	52,00000
8,69307	52,10000
8,72277	52,20000
8,72277	52,30000
8,75247	52,40000
8,78218	52,50000
8,81188	52,60000
8,84158	52,70000
8,87129	52,80000
8,90099	52,90000
8,93069	53,00000
8,93069	53,10000
8,96040	53,20000
8,99010	53,30000
9,01980	53,40000
9,04950	53,50000
9,07921	53,60000
9,10891	53,70000
9,13861	53,80000
9,13861	53,90000
9,16832	54,00000
9,19802	54,10000
9,22772	54,20000
9,25743	54,30000
9,28713	54,40000
9,28713	54,50000
9,31683	54,60000
9,34653	54,70000
9,37624	54,80000
9,40594	54,90000
9,43564	55,00000
9,46535	55,10000
9,49505	55,20000
9,52475	55,30000
9,52475	55,40000
9,55446	55,50000
9,58416	55,60000
9,61386	55,70000
9,64356	55,80000
9,67327	55,90000
9,70297	56,00000
9,73267	56,10000
9,73267	56,20000
9,76238	56,30000
9,79208	56,40000
9,82178	56,50000
9,85148	56,60000
9,88119	56,70000
9,91089	56,80000
9,94059	56,90000
9,97030	57,00000
10,00000	57,10000
10,00000	57,20000
10,03012	57,30000
10,06024	57,40000
10,09036	57,50000
10,12048	57,60000
10,15060	57,70000
10,18072	57,80000
10,21084	57,90000
10,24096	58,00000
10,27108	58,10000
10,30120	58,20000
10,33132	58,30000
10,36145	58,40000
10,39157	58,50000
10,42169	58,60000
10,42169	58,70000
10,45181	58,80000
10,48193	58,90000
10,54217	59,00000
10,57229	59,10000
10,60241	59,20000
10,63253	59,30000
10,66265	59,40000
10,66265	59,50000
10,69277	59,60000
10,72289	59,70000
10,75301	59,80000
10,78313	59,90000
10,84337	60,00000
10,87349	60,10000
10,90361	60,20000
10,93373	60,30000
10,96386	60,40000
10,99398	60,50000
11,02410	60,60000
11,02410	60,70000
11,05422	60,80000
11,08434	60,90000
11,14458	61,00000
11,17470	61,10000
11,20482	61,20000
11,23494	61,30000
11,23494	61,40000
11,26506	61,50000
11,29518	61,60000
11,32530	61,70000
11,35542	61,80000
11,38554	61,90000
11,44578	62,00000
11,47590	62,10000
11,50602	62,20000
11,53614	62,30000
11,56627	62,40000
11,59639	62,50000
11,62651	62,60000
11,65663	62,70000
11,68675	62,80000
11,71687	62,90000
11,77711	63,00000
11,80723	63,10000
11,83735	63,20000
11,83735	63,30000
11,89759	63,40000
11,92771	63,50000
11,95783	63,60000
11,98795	63,70000
12,01807	63,80000
12,04819	63,90000
12,07831	64,00000
12,13855	64,10000
12,13855	64,20000
12,16867	64,30000
12,22892	64,40000
12,25904	64,50000
12,28916	64,60000
12,31928	64,70000
12,34940	64,80000
12,37952	64,90000
12,43976	65,00000
12,43976	65,10000
12,46988	65,20000
12,53012	65,30000
12,56024	65,40000
12,59036	65,50000
12,62048	65,60000
12,65060	65,70000
12,71084	65,80000
12,74096	65,90000
12,77108	66,00000
12,80120	66,10000
12,83133	66,20000
12,86145	66,30000
12,89157	66,40000
12,92169	66,50000
12,98193	66,60000
13,01205	66,70000
13,04217	66,80000
13,07229	66,90000
13,10241	67,00000
13,16265	67,10000
13,19277	67,20000
13,22289	67,30000
13,25301	67,40000
13,31325	67,50000
13,34337	67,60000
13,37349	67,70000
13,40361	67,80000
13,43373	67,90000
13,49398	68,00000
13,52410	68,10000
13,55422	68,20000
13,58434	68,30000
13,61446	68,40000
13,67470	68,50000
13,70482	68,60000
13,73494	68,70000
13,76506	68,80000
13,79518	68,90000
13,85542	69,00000
13,88554	69,10000
13,91566	69,20000
13,94578	69,30000
14,00602	69,40000
14,03614	69,50000
14,06627	69,60000
14,09639	69,70000
14,12651	69,80000
14,15663	69,90000
14,18675	70,00000
14,24699	70,10000
14,27711	70,20000
14,30723	70,30000
14,33735	70,40000
14,39759	70,50000
14,42771	70,60000
14,45783	70,70000
14,48795	70,80000
14,51807	70,90000
14,54819	71,00000
14,60843	71,10000
14,63855	71,20000
14,66867	71,30000
14,69879	71,40000
14,75904	71,50000
14,78916	71,60000
14,81928	71,70000
14,84940	71,80000
14,87952	71,90000
14,90964	72,00000
14,96988	72,10000
15,00000	72,20000
15,03012	72,30000
15,09036	72,40000
15,12048	72,50000
15,15060	72,60000
15,18072	72,70000
15,21084	72,80000
15,27108	72,90000
15,30120	73,00000
15,33133	73,10000
15,36145	73,20000
15,39157	73,30000
15,45181	73,40000
15,48193	73,50000
15,51205	73,60000
15,54217	73,70000
15,57229	73,80000
15,60241	73,90000
15,63253	74,00000
15,69277	74,10000
15,72289	74,20000
15,75301	74,30000
15,81325	74,40000
15,84337	74,50000
15,87349	74,60000
15,90361	74,70000
15,93373	74,80000
15,96386	74,90000
15,99398	75,00000
16,05422	75,10000
16,08434	75,20000
16,11446	75,30000
16,14458	75,40000
16,17470	75,50000
16,20482	75,60000
16,26506	75,70000
16,29518	75,80000
16,32530	75,90000
16,35542	76,00000
16,38554	76,10000
16,44578	76,20000
16,47590	76,30000
16,50603	76,40000
16,53614	76,50000
16,53614	76,60000
16,59639	76,70000
16,62650	76,80000
16,65663	76,90000
16,68675	77,00000
16,71687	77,10000
16,77711	77,20000
16,80723	77,30000
16,83735	77,40000
16,83735	77,50000
16,86747	77,60000
16,92771	77,70000
16,95783	77,80000
16,98795	77,90000
17,01807	78,00000
17,04819	78,10000
17,07831	78,20000
17,10843	78,30000
17,13855	78,40000
17,16868	78,50000
17,19880	78,60000
17,22892	78,70000
17,25904	78,80000
17,28916	78,90000
17,31928	79,00000
17,37952	79,10000
17,40964	79,20000
17,43976	79,30000
17,46988	79,40000
17,50000	79,50000
17,50000	79,60000
17,53012	79,70000
17,59036	79,80000
17,62048	79,90000
17,65060	80,00000
17,68072	80,10000
17,74096	80,20000
17,74096	80,30000
17,77108	80,40000
17,77108	80,50000
17,80120	80,60000
17,83132	80,70000
17,86145	80,80000
17,89157	80,90000
17,92169	81,00000
17,98193	81,10000
18,01205	81,20000
18,01205	81,30000
18,04217	81,40000
18,04217	81,50000
18,07229	81,60000
18,07229	81,70000
18,10241	81,80000
18,10241	81,90000
18,13253	82,00000
18,16265	82,10000
18,16265	82,20000
18,16265	82,30000
18,16265	82,40000
18,16265	82,50000
18,16265	82,60000
18,16265	82,70000
18,13253	82,80000
18,13253	82,90000
17,95181	83,00000
17,71084	83,10000
17,62048	83,20000
17,46988	83,30000
17,19880	83,40000
17,04819	83,50000
16,95783	83,60000
16,83735	83,70000
16,77711	83,80000
16,65663	83,90000
15,69277	84,00000
13,31325	84,10000
13,04217	84,20000
