HBM_CATMAN12_DATAFILE
22/03/10
09:08
CHANNELS: 2
SEPARATOR: 9
MAXLINES: 668

Cel 500Kg	T(Cel 500Kg)
kgf	s
5	5

0,03030	0,00000
0,03030	0,10000
0,03030	0,20000
0,03030	0,30000
0,03030	0,40000
0,03030	0,50000
0,03030	0,60000
0,03030	0,70000
0,03030	0,80000
0,03030	0,90000
0,03030	1,00000
0,03030	1,10000
0,03030	1,20000
0,03030	1,30000
0,03030	1,40000
0,03030	1,50000
0,06061	1,60000
0,06061	1,70000
0,06061	1,80000
0,06061	1,90000
0,06061	2,00000
0,09091	2,10000
0,09091	2,20000
0,09091	2,30000
0,12121	2,40000
0,12121	2,50000
0,12121	2,60000
0,12121	2,70000
0,12121	2,80000
0,15152	2,90000
0,15152	3,00000
0,15152	3,10000
0,18182	3,20000
0,18182	3,30000
0,21212	3,40000
0,21212	3,50000
0,24242	3,60000
0,24242	3,70000
0,24242	3,80000
0,27273	3,90000
0,27273	4,00000
0,27273	4,10000
0,30303	4,20000
0,30303	4,30000
0,33333	4,40000
0,33333	4,50000
0,33333	4,60000
0,36364	4,70000
0,36364	4,80000
0,39394	4,90000
0,39394	5,00000
0,42424	5,10000
0,42424	5,20000
0,42424	5,30000
0,45455	5,40000
0,45455	5,50000
0,48485	5,60000
0,48485	5,70000
0,51515	5,80000
0,51515	5,90000
0,54545	6,00000
0,54545	6,10000
0,57576	6,20000
0,57576	6,30000
0,60606	6,40000
0,60606	6,50000
0,63636	6,60000
0,63636	6,70000
0,66667	6,80000
0,66667	6,90000
0,69697	7,00000
0,69697	7,10000
0,72727	7,20000
0,75758	7,30000
0,75758	7,40000
0,78788	7,50000
0,81818	7,60000
0,81818	7,70000
0,84848	7,80000
0,87879	7,90000
0,87879	8,00000
0,90909	8,10000
0,93939	8,20000
0,93939	8,30000
0,96970	8,40000
1,00000	8,50000
1,03030	8,60000
1,03030	8,70000
1,06061	8,80000
1,09091	8,90000
1,12121	9,00000
1,12121	9,10000
1,15152	9,20000
1,15152	9,30000
1,18182	9,40000
1,18182	9,50000
1,21212	9,60000
1,24242	9,70000
1,24242	9,80000
1,27273	9,90000
1,27273	10,00000
1,27273	10,10000
1,30303	10,20000
1,33333	10,30000
1,33333	10,40000
1,36364	10,50000
1,36364	10,60000
1,39394	10,70000
1,42424	10,80000
1,45455	10,90000
1,45455	11,00000
1,48485	11,10000
1,48485	11,20000
1,51515	11,30000
1,54545	11,40000
1,54545	11,50000
1,57576	11,60000
1,60606	11,70000
1,63636	11,80000
1,66667	11,90000
1,66667	12,00000
1,69697	12,10000
1,72727	12,20000
1,75758	12,30000
1,78788	12,40000
1,81818	12,50000
1,84848	12,60000
1,87879	12,70000
1,90909	12,80000
1,93939	12,90000
1,93939	13,00000
1,96970	13,10000
2,00000	13,20000
2,03030	13,30000
2,06061	13,40000
2,09091	13,50000
2,09091	13,60000
2,12121	13,70000
2,15152	13,80000
2,18182	13,90000
2,21212	14,00000
2,24242	14,10000
2,24242	14,20000
2,27273	14,30000
2,30303	14,40000
2,30303	14,50000
2,33333	14,60000
2,36364	14,70000
2,39394	14,80000
2,42424	14,90000
2,42424	15,00000
2,45455	15,10000
2,48485	15,20000
2,51515	15,30000
2,54545	15,40000
2,54545	15,50000
2,57576	15,60000
2,60606	15,70000
2,60606	15,80000
2,63636	15,90000
2,66667	16,00000
2,69697	16,10000
2,69697	16,20000
2,72727	16,30000
2,75758	16,40000
2,78788	16,50000
2,78788	16,60000
2,81818	16,70000
2,84848	16,80000
2,87879	16,90000
2,87879	17,00000
2,90909	17,10000
2,93939	17,20000
2,96970	17,30000
2,96970	17,40000
3,00000	17,50000
3,03030	17,60000
3,03030	17,70000
3,06061	17,80000
3,09091	17,90000
3,09091	18,00000
3,12121	18,10000
3,15152	18,20000
3,18182	18,30000
3,18182	18,40000
3,21212	18,50000
3,21212	18,60000
3,24242	18,70000
3,27273	18,80000
3,30303	18,90000
3,33333	19,00000
3,33333	19,10000
3,36364	19,20000
3,36364	19,30000
3,39394	19,40000
3,42424	19,50000
3,42424	19,60000
3,45455	19,70000
3,48485	19,80000
3,48485	19,90000
3,51515	20,00000
3,54545	20,10000
3,54545	20,20000
3,57576	20,30000
3,60606	20,40000
3,60606	20,50000
3,63636	20,60000
3,66667	20,70000
3,66667	20,80000
3,69697	20,90000
3,72727	21,00000
3,72727	21,10000
3,75758	21,20000
3,78788	21,30000
3,78788	21,40000
3,81818	21,50000
3,81818	21,60000
3,84848	21,70000
3,87879	21,80000
3,87879	21,90000
3,90909	22,00000
3,90909	22,10000
3,93939	22,20000
3,96970	22,30000
3,96970	22,40000
4,00000	22,50000
4,03030	22,60000
4,03030	22,70000
4,06061	22,80000
4,06061	22,90000
4,09091	23,00000
4,12121	23,10000
4,12121	23,20000
4,15152	23,30000
4,18182	23,40000
4,21212	23,50000
4,21212	23,60000
4,24242	23,70000
4,27273	23,80000
4,27273	23,90000
4,30303	24,00000
4,33333	24,10000
4,36364	24,20000
4,36364	24,30000
4,39394	24,40000
4,39394	24,50000
4,42424	24,60000
4,42424	24,70000
4,45455	24,80000
4,45455	24,90000
4,48485	25,00000
4,48485	25,10000
4,51515	25,20000
4,51515	25,30000
4,51515	25,40000
4,54545	25,50000
4,57576	25,60000
4,60606	25,70000
4,60606	25,80000
4,63636	25,90000
4,66667	26,00000
4,69697	26,10000
4,69697	26,20000
4,72727	26,30000
4,72727	26,40000
4,75758	26,50000
4,78788	26,60000
4,78788	26,70000
4,81818	26,80000
4,81818	26,90000
4,84848	27,00000
4,87879	27,10000
4,87879	27,20000
4,90909	27,30000
4,93939	27,40000
4,93939	27,50000
4,96970	27,60000
5,00000	27,70000
5,00000	27,80000
5,03030	27,90000
5,03030	28,00000
5,06061	28,10000
5,09091	28,20000
5,09091	28,30000
5,12121	28,40000
5,15152	28,50000
5,15152	28,60000
5,18182	28,70000
5,21212	28,80000
5,21212	28,90000
5,24242	29,00000
5,24242	29,10000
5,27273	29,20000
5,30303	29,30000
5,30303	29,40000
5,33333	29,50000
5,33333	29,60000
5,36364	29,70000
5,36364	29,80000
5,39394	29,90000
5,42424	30,00000
5,42424	30,10000
5,45455	30,20000
5,45455	30,30000
5,48485	30,40000
5,51515	30,50000
5,54545	30,60000
5,54545	30,70000
5,57576	30,80000
5,60606	30,90000
5,60606	31,00000
5,63636	31,10000
5,66667	31,20000
5,69697	31,30000
5,69697	31,40000
5,72727	31,50000
5,72727	31,60000
5,75758	31,70000
5,78788	31,80000
5,81818	31,90000
5,81818	32,00000
5,84848	32,10000
5,87879	32,20000
5,87879	32,30000
5,90909	32,40000
5,90909	32,50000
5,93939	32,60000
5,96970	32,70000
6,00000	32,80000
6,00000	32,90000
6,03030	33,00000
6,06061	33,10000
6,06061	33,20000
6,09091	33,30000
6,09091	33,40000
6,12121	33,50000
6,15152	33,60000
6,15152	33,70000
6,18182	33,80000
6,21212	33,90000
6,24242	34,00000
6,24242	34,10000
6,27273	34,20000
6,27273	34,30000
6,30303	34,40000
6,30303	34,50000
6,33333	34,60000
6,36364	34,70000
6,39394	34,80000
6,39394	34,90000
6,42424	35,00000
6,45455	35,10000
6,45455	35,20000
6,48485	35,30000
6,48485	35,40000
6,51515	35,50000
6,54545	35,60000
6,57576	35,70000
6,60606	35,80000
6,60606	35,90000
6,63636	36,00000
6,66667	36,10000
6,66667	36,20000
6,69697	36,30000
6,69697	36,40000
6,72727	36,50000
6,75758	36,60000
6,75758	36,70000
6,78788	36,80000
6,78788	36,90000
6,84848	37,00000
6,84848	37,10000
6,87879	37,20000
6,87879	37,30000
6,90909	37,40000
6,93939	37,50000
6,93939	37,60000
6,96970	37,70000
7,00000	37,80000
7,00000	37,90000
7,02970	38,00000
7,05941	38,10000
7,08911	38,20000
7,08911	38,30000
7,11881	38,40000
7,11881	38,50000
7,14851	38,60000
7,17822	38,70000
7,17822	38,80000
7,20792	38,90000
7,20792	39,00000
7,26733	39,10000
7,26733	39,20000
7,29703	39,30000
7,29703	39,40000
7,32673	39,50000
7,35644	39,60000
7,35644	39,70000
7,38614	39,80000
7,41584	39,90000
7,44554	40,00000
7,44554	40,10000
7,47525	40,20000
7,47525	40,30000
7,50495	40,40000
7,53465	40,50000
7,53465	40,60000
7,56436	40,70000
7,59406	40,80000
7,59406	40,90000
7,62376	41,00000
7,65347	41,10000
7,65347	41,20000
7,68317	41,30000
7,71287	41,40000
7,74257	41,50000
7,74257	41,60000
7,77228	41,70000
7,80198	41,80000
7,83168	41,90000
7,83168	42,00000
7,86139	42,10000
7,89109	42,20000
7,89109	42,30000
7,92079	42,40000
7,95049	42,50000
7,98020	42,60000
7,98020	42,70000
8,00990	42,80000
8,03960	42,90000
8,06931	43,00000
8,06931	43,10000
8,09901	43,20000
8,12871	43,30000
8,15842	43,40000
8,18812	43,50000
8,21782	43,60000
8,21782	43,70000
8,24753	43,80000
8,27723	43,90000
8,30693	44,00000
8,30693	44,10000
8,33663	44,20000
8,36634	44,30000
8,39604	44,40000
8,42574	44,50000
8,45545	44,60000
8,45545	44,70000
8,48515	44,80000
8,51485	44,90000
8,54455	45,00000
8,54455	45,10000
8,57426	45,20000
8,60396	45,30000
8,63366	45,40000
8,66337	45,50000
8,66337	45,60000
8,69307	45,70000
8,72277	45,80000
8,75247	45,90000
8,75247	46,00000
8,78218	46,10000
8,81188	46,20000
8,84158	46,30000
8,87129	46,40000
8,87129	46,50000
8,90099	46,60000
8,93069	46,70000
8,96040	46,80000
8,96040	46,90000
8,99010	47,00000
9,01980	47,10000
9,04950	47,20000
9,07921	47,30000
9,07921	47,40000
9,10891	47,50000
9,13861	47,60000
9,16832	47,70000
9,19802	47,80000
9,22772	47,90000
9,22772	48,00000
9,25743	48,10000
9,28713	48,20000
9,31683	48,30000
9,34653	48,40000
9,37624	48,50000
9,37624	48,60000
9,40594	48,70000
9,43564	48,80000
9,46535	48,90000
9,49505	49,00000
9,49505	49,10000
9,52475	49,20000
9,55446	49,30000
9,58416	49,40000
9,61386	49,50000
9,64356	49,60000
9,64356	49,70000
9,70297	49,80000
9,70297	49,90000
9,73267	50,00000
9,76238	50,10000
9,79208	50,20000
9,82178	50,30000
9,85148	50,40000
9,85148	50,50000
9,88119	50,60000
9,94059	50,70000
9,94059	50,80000
9,97030	50,90000
10,00000	51,00000
10,00000	51,10000
10,03012	51,20000
10,06024	51,30000
10,09036	51,40000
10,12048	51,50000
10,15060	51,60000
10,18072	51,70000
10,21084	51,80000
10,24096	51,90000
10,27108	52,00000
10,30120	52,10000
10,30120	52,20000
10,33132	52,30000
10,36145	52,40000
10,39157	52,50000
10,42169	52,60000
10,45181	52,70000
10,48193	52,80000
10,51205	52,90000
10,54217	53,00000
10,57229	53,10000
10,57229	53,20000
10,60241	53,30000
10,63253	53,40000
10,66265	53,50000
10,69277	53,60000
10,72289	53,70000
10,75301	53,80000
10,78313	53,90000
10,81325	54,00000
10,84337	54,10000
10,87349	54,20000
10,90361	54,30000
10,93373	54,40000
10,96386	54,50000
10,99398	54,60000
11,02410	54,70000
11,05422	54,80000
11,08434	54,90000
11,08434	55,00000
11,11446	55,10000
11,14458	55,20000
11,20482	55,30000
11,23494	55,40000
11,23494	55,50000
11,29518	55,60000
11,32530	55,70000
11,35542	55,80000
11,35542	55,90000
11,38554	56,00000
11,41566	56,10000
11,44578	56,20000
11,50602	56,30000
11,50602	56,40000
11,53614	56,50000
11,59639	56,60000
11,59639	56,70000
11,65663	56,80000
11,65663	56,90000
11,68675	57,00000
11,74699	57,10000
11,77711	57,20000
11,77711	57,30000
11,83735	57,40000
11,86747	57,50000
11,89759	57,60000
11,92771	57,70000
11,95783	57,80000
11,98795	57,90000
12,01807	58,00000
12,04819	58,10000
12,07831	58,20000
12,10843	58,30000
12,13855	58,40000
12,16867	58,50000
12,19879	58,60000
12,22892	58,70000
12,28916	58,80000
12,31928	58,90000
12,34940	59,00000
12,37952	59,10000
12,40964	59,20000
12,43976	59,30000
12,46988	59,40000
12,50000	59,50000
12,53012	59,60000
12,56024	59,70000
12,59036	59,80000
12,62048	59,90000
12,65060	60,00000
12,68072	60,10000
12,71084	60,20000
12,74096	60,30000
12,77108	60,40000
12,80120	60,50000
12,83133	60,60000
12,89157	60,70000
12,92169	60,80000
12,92169	60,90000
12,95181	61,00000
12,98193	61,10000
13,01205	61,20000
13,04217	61,30000
13,07229	61,40000
13,10241	61,50000
13,16265	61,60000
13,19277	61,70000
13,22289	61,80000
13,22289	61,90000
13,25301	62,00000
13,28313	62,10000
13,31325	62,20000
13,34337	62,30000
13,40361	62,40000
13,43373	62,50000
13,46386	62,60000
13,49398	62,70000
13,52410	62,80000
13,55422	62,90000
13,58434	63,00000
13,61446	63,10000
13,64458	63,20000
13,67470	63,30000
13,70482	63,40000
13,73494	63,50000
13,76506	63,60000
13,79518	63,70000
13,82530	63,80000
13,88554	63,90000
13,91566	64,00000
13,94578	64,10000
13,94578	64,20000
14,00602	64,30000
14,03614	64,40000
14,06627	64,50000
14,09639	64,60000
14,12651	64,70000
14,12651	64,80000
14,18675	64,90000
14,18675	65,00000
14,21687	65,10000
14,24699	65,20000
14,27711	65,30000
13,04217	65,40000
10,30120	65,50000
7,65347	65,60000
7,44554	65,70000
7,41584	65,80000
7,41584	65,90000
7,41584	66,00000
7,41584	66,10000
7,38614	66,20000
7,38614	66,30000
7,38614	66,40000
7,38614	66,50000
7,41584	66,60000
7,44554	66,70000
