HBM_CATMAN12_DATAFILE
22/03/10
09:01
CHANNELS: 2
SEPARATOR: 9
MAXLINES: 762

Cel 500Kg	T(Cel 500Kg)
kgf	s
5	5

0,03030	0,00000
0,03030	0,10000
0,03030	0,20000
0,03030	0,30000
0,03030	0,40000
0,03030	0,50000
0,03030	0,60000
0,03030	0,70000
0,03030	0,80000
0,03030	0,90000
0,03030	1,00000
0,03030	1,10000
0,03030	1,20000
0,03030	1,30000
0,03030	1,40000
0,03030	1,50000
0,03030	1,60000
0,03030	1,70000
0,03030	1,80000
0,03030	1,90000
0,03030	2,00000
0,03030	2,10000
0,03030	2,20000
0,03030	2,30000
0,03030	2,40000
0,03030	2,50000
0,03030	2,60000
0,03030	2,70000
0,03030	2,80000
0,03030	2,90000
0,03030	3,00000
0,03030	3,10000
0,03030	3,20000
0,03030	3,30000
0,03030	3,40000
0,03030	3,50000
0,03030	3,60000
0,03030	3,70000
0,03030	3,80000
0,03030	3,90000
0,06061	4,00000
0,06061	4,10000
0,06061	4,20000
0,06061	4,30000
0,06061	4,40000
0,06061	4,50000
0,06061	4,60000
0,06061	4,70000
0,06061	4,80000
0,06061	4,90000
0,09091	5,00000
0,09091	5,10000
0,09091	5,20000
0,09091	5,30000
0,09091	5,40000
0,09091	5,50000
0,12121	5,60000
0,12121	5,70000
0,12121	5,80000
0,12121	5,90000
0,12121	6,00000
0,15152	6,10000
0,15152	6,20000
0,15152	6,30000
0,15152	6,40000
0,18182	6,50000
0,18182	6,60000
0,18182	6,70000
0,21212	6,80000
0,21212	6,90000
0,21212	7,00000
0,24242	7,10000
0,24242	7,20000
0,24242	7,30000
0,24242	7,40000
0,27273	7,50000
0,27273	7,60000
0,27273	7,70000
0,30303	7,80000
0,30303	7,90000
0,30303	8,00000
0,33333	8,10000
0,33333	8,20000
0,36364	8,30000
0,36364	8,40000
0,36364	8,50000
0,39394	8,60000
0,39394	8,70000
0,42424	8,80000
0,42424	8,90000
0,45455	9,00000
0,45455	9,10000
0,48485	9,20000
0,48485	9,30000
0,51515	9,40000
0,51515	9,50000
0,51515	9,60000
0,54545	9,70000
0,54545	9,80000
0,57576	9,90000
0,57576	10,00000
0,60606	10,10000
0,63636	10,20000
0,63636	10,30000
0,66667	10,40000
0,66667	10,50000
0,69697	10,60000
0,69697	10,70000
0,72727	10,80000
0,75758	10,90000
0,75758	11,00000
0,78788	11,10000
0,78788	11,20000
0,81818	11,30000
0,84848	11,40000
0,84848	11,50000
0,87879	11,60000
0,87879	11,70000
0,90909	11,80000
0,93939	11,90000
0,93939	12,00000
0,96970	12,10000
1,00000	12,20000
1,03030	12,30000
1,06061	12,40000
1,06061	12,50000
1,09091	12,60000
1,12121	12,70000
1,12121	12,80000
1,15152	12,90000
1,18182	13,00000
1,21212	13,10000
1,24242	13,20000
1,27273	13,30000
1,27273	13,40000
1,30303	13,50000
1,33333	13,60000
1,36364	13,70000
1,39394	13,80000
1,39394	13,90000
1,42424	14,00000
1,45455	14,10000
1,48485	14,20000
1,51515	14,30000
1,54545	14,40000
1,57576	14,50000
1,57576	14,60000
1,60606	14,70000
1,63636	14,80000
1,66667	14,90000
1,69697	15,00000
1,69697	15,10000
1,72727	15,20000
1,75758	15,30000
1,75758	15,40000
1,78788	15,50000
1,78788	15,60000
1,78788	15,70000
1,81818	15,80000
1,81818	15,90000
1,84848	16,00000
1,84848	16,10000
1,87879	16,20000
1,90909	16,30000
1,90909	16,40000
1,93939	16,50000
1,93939	16,60000
1,96970	16,70000
1,96970	16,80000
2,00000	16,90000
2,03030	17,00000
2,03030	17,10000
2,06061	17,20000
2,09091	17,30000
2,09091	17,40000
2,12121	17,50000
2,15152	17,60000
2,15152	17,70000
2,18182	17,80000
2,21212	17,90000
2,21212	18,00000
2,24242	18,10000
2,27273	18,20000
2,30303	18,30000
2,33333	18,40000
2,33333	18,50000
2,36364	18,60000
2,39394	18,70000
2,39394	18,80000
2,42424	18,90000
2,45455	19,00000
2,48485	19,10000
2,48485	19,20000
2,51515	19,30000
2,54545	19,40000
2,54545	19,50000
2,57576	19,60000
2,60606	19,70000
2,60606	19,80000
2,63636	19,90000
2,66667	20,00000
2,69697	20,10000
2,69697	20,20000
2,72727	20,30000
2,72727	20,40000
2,75758	20,50000
2,78788	20,60000
2,81818	20,70000
2,81818	20,80000
2,84848	20,90000
2,87879	21,00000
2,87879	21,10000
2,90909	21,20000
2,93939	21,30000
2,93939	21,40000
2,96970	21,50000
2,96970	21,60000
3,00000	21,70000
3,03030	21,80000
3,06061	21,90000
3,06061	22,00000
3,09091	22,10000
3,09091	22,20000
3,12121	22,30000
3,15152	22,40000
3,18182	22,50000
3,18182	22,60000
3,21212	22,70000
3,24242	22,80000
3,24242	22,90000
3,27273	23,00000
3,27273	23,10000
3,30303	23,20000
3,33333	23,30000
3,33333	23,40000
3,36364	23,50000
3,39394	23,60000
3,42424	23,70000
3,42424	23,80000
3,45455	23,90000
3,48485	24,00000
3,48485	24,10000
3,51515	24,20000
3,51515	24,30000
3,54545	24,40000
3,57576	24,50000
3,60606	24,60000
3,63636	24,70000
3,63636	24,80000
3,66667	24,90000
3,69697	25,00000
3,69697	25,10000
3,72727	25,20000
3,75758	25,30000
3,75758	25,40000
3,78788	25,50000
3,81818	25,60000
3,81818	25,70000
3,84848	25,80000
3,84848	25,90000
3,87879	26,00000
3,90909	26,10000
3,90909	26,20000
3,93939	26,30000
3,96970	26,40000
4,00000	26,50000
4,00000	26,60000
4,03030	26,70000
4,06061	26,80000
4,06061	26,90000
4,09091	27,00000
4,09091	27,10000
4,12121	27,20000
4,15152	27,30000
4,15152	27,40000
4,18182	27,50000
4,21212	27,60000
4,21212	27,70000
4,24242	27,80000
4,27273	27,90000
4,27273	28,00000
4,30303	28,10000
4,33333	28,20000
4,33333	28,30000
4,36364	28,40000
4,39394	28,50000
4,39394	28,60000
4,42424	28,70000
4,42424	28,80000
4,45455	28,90000
4,48485	29,00000
4,51515	29,10000
4,51515	29,20000
4,54545	29,30000
4,54545	29,40000
4,57576	29,50000
4,60606	29,60000
4,63636	29,70000
4,63636	29,80000
4,66667	29,90000
4,69697	30,00000
4,69697	30,10000
4,72727	30,20000
4,75758	30,30000
4,75758	30,40000
4,78788	30,50000
4,78788	30,60000
4,81818	30,70000
4,84848	30,80000
4,87879	30,90000
4,87879	31,00000
4,90909	31,10000
4,93939	31,20000
4,93939	31,30000
4,96970	31,40000
5,00000	31,50000
5,00000	31,60000
5,03030	31,70000
5,06061	31,80000
5,06061	31,90000
5,09091	32,00000
5,12121	32,10000
5,12121	32,20000
5,15152	32,30000
5,18182	32,40000
5,18182	32,50000
5,21212	32,60000
5,24242	32,70000
5,24242	32,80000
5,27273	32,90000
5,30303	33,00000
5,30303	33,10000
5,33333	33,20000
5,36364	33,30000
5,36364	33,40000
5,39394	33,50000
5,42424	33,60000
5,42424	33,70000
5,45455	33,80000
5,48485	33,90000
5,48485	34,00000
5,51515	34,10000
5,51515	34,20000
5,54545	34,30000
5,54545	34,40000
5,57576	34,50000
5,57576	34,60000
5,60606	34,70000
5,60606	34,80000
5,63636	34,90000
5,63636	35,00000
5,66667	35,10000
5,69697	35,20000
5,72727	35,30000
5,75758	35,40000
5,78788	35,50000
5,78788	35,60000
5,81818	35,70000
5,81818	35,80000
5,84848	35,90000
5,87879	36,00000
5,87879	36,10000
5,90909	36,20000
5,93939	36,30000
5,96970	36,40000
5,96970	36,50000
6,00000	36,60000
6,03030	36,70000
6,03030	36,80000
6,06061	36,90000
6,09091	37,00000
6,12121	37,10000
6,15152	37,20000
6,15152	37,30000
6,18182	37,40000
6,21212	37,50000
6,24242	37,60000
6,24242	37,70000
6,27273	37,80000
6,27273	37,90000
6,30303	38,00000
6,33333	38,10000
6,33333	38,20000
6,36364	38,30000
6,39394	38,40000
6,39394	38,50000
6,42424	38,60000
6,45455	38,70000
6,48485	38,80000
6,51515	38,90000
6,51515	39,00000
6,54545	39,10000
6,54545	39,20000
6,57576	39,30000
6,60606	39,40000
6,63636	39,50000
6,66667	39,60000
6,66667	39,70000
6,69697	39,80000
6,69697	39,90000
6,72727	40,00000
6,75758	40,10000
6,75758	40,20000
6,78788	40,30000
6,81818	40,40000
6,84848	40,50000
6,87879	40,60000
6,87879	40,70000
6,90909	40,80000
6,90909	40,90000
6,93939	41,00000
6,96970	41,10000
6,96970	41,20000
7,00000	41,30000
7,02970	41,40000
7,02970	41,50000
7,05941	41,60000
7,08911	41,70000
7,08911	41,80000
7,11881	41,90000
7,14851	42,00000
7,17822	42,10000
7,17822	42,20000
7,20792	42,30000
7,23762	42,40000
7,23762	42,50000
7,26733	42,60000
7,29703	42,70000
7,32673	42,80000
7,32673	42,90000
7,35644	43,00000
7,38614	43,10000
7,38614	43,20000
7,41584	43,30000
7,44554	43,40000
7,47525	43,50000
7,47525	43,60000
7,50495	43,70000
7,53465	43,80000
7,56436	43,90000
7,59406	44,00000
7,59406	44,10000
7,62376	44,20000
7,65347	44,30000
7,68317	44,40000
7,68317	44,50000
7,71287	44,60000
7,74257	44,70000
7,77228	44,80000
7,77228	44,90000
7,80198	45,00000
7,83168	45,10000
7,83168	45,20000
7,86139	45,30000
7,89109	45,40000
7,89109	45,50000
7,92079	45,60000
7,95049	45,70000
7,98020	45,80000
7,98020	45,90000
8,00990	46,00000
8,03960	46,10000
8,06931	46,20000
8,06931	46,30000
8,09901	46,40000
8,12871	46,50000
8,15842	46,60000
8,15842	46,70000
8,18812	46,80000
8,21782	46,90000
8,24753	47,00000
8,27723	47,10000
8,27723	47,20000
8,30693	47,30000
8,33663	47,40000
8,36634	47,50000
8,36634	47,60000
8,39604	47,70000
8,42574	47,80000
8,45545	47,90000
8,48515	48,00000
8,51485	48,10000
8,54455	48,20000
8,54455	48,30000
8,57426	48,40000
8,60396	48,50000
8,63366	48,60000
8,66337	48,70000
8,69307	48,80000
8,72277	48,90000
8,75247	49,00000
8,75247	49,10000
8,78218	49,20000
8,81188	49,30000
8,84158	49,40000
8,84158	49,50000
8,87129	49,60000
8,90099	49,70000
8,93069	49,80000
8,96040	49,90000
8,99010	50,00000
9,01980	50,10000
9,01980	50,20000
9,04950	50,30000
9,07921	50,40000
9,10891	50,50000
9,13861	50,60000
9,16832	50,70000
9,19802	50,80000
9,22772	50,90000
9,25743	51,00000
9,28713	51,10000
9,28713	51,20000
9,31683	51,30000
9,34653	51,40000
9,34653	51,50000
9,37624	51,60000
9,40594	51,70000
9,43564	51,80000
9,46535	51,90000
9,49505	52,00000
9,52475	52,10000
9,55446	52,20000
9,58416	52,30000
9,61386	52,40000
9,64356	52,50000
9,67327	52,60000
9,67327	52,70000
9,70297	52,80000
9,73267	52,90000
9,76238	53,00000
9,79208	53,10000
9,82178	53,20000
9,85148	53,30000
9,88119	53,40000
9,91089	53,50000
9,91089	53,60000
9,94059	53,70000
9,97030	53,80000
10,00000	53,90000
10,03012	54,00000
10,06024	54,10000
10,09036	54,20000
10,12048	54,30000
10,15060	54,40000
10,15060	54,50000
10,18072	54,60000
10,21084	54,70000
10,24096	54,80000
10,27108	54,90000
10,30120	55,00000
10,33132	55,10000
10,36145	55,20000
10,39157	55,30000
10,39157	55,40000
10,42169	55,50000
10,45181	55,60000
10,48193	55,70000
10,51205	55,80000
10,54217	55,90000
10,57229	56,00000
10,60241	56,10000
10,63253	56,20000
10,66265	56,30000
10,69277	56,40000
10,72289	56,50000
10,72289	56,60000
10,75301	56,70000
10,78313	56,80000
10,81325	56,90000
10,84337	57,00000
10,90361	57,10000
10,90361	57,20000
10,93373	57,30000
10,96386	57,40000
10,99398	57,50000
11,02410	57,60000
11,05422	57,70000
11,08434	57,80000
11,11446	57,90000
11,14458	58,00000
11,17470	58,10000
11,20482	58,20000
11,23494	58,30000
11,26506	58,40000
11,29518	58,50000
11,32530	58,60000
11,35542	58,70000
11,38554	58,80000
11,41566	58,90000
11,44578	59,00000
11,47590	59,10000
11,50602	59,20000
11,53614	59,30000
11,56627	59,40000
11,59639	59,50000
11,62651	59,60000
11,65663	59,70000
11,68675	59,80000
11,71687	59,90000
11,74699	60,00000
11,77711	60,10000
11,80723	60,20000
11,83735	60,30000
11,86747	60,40000
11,89759	60,50000
11,92771	60,60000
11,95783	60,70000
11,98795	60,80000
12,01807	60,90000
12,07831	61,00000
12,10843	61,10000
12,13855	61,20000
12,16867	61,30000
12,19879	61,40000
12,22892	61,50000
12,25904	61,60000
12,28916	61,70000
12,31928	61,80000
12,37952	61,90000
12,40964	62,00000
12,43976	62,10000
12,43976	62,20000
12,50000	62,30000
12,53012	62,40000
12,56024	62,50000
12,59036	62,60000
12,62048	62,70000
12,68072	62,80000
12,71084	62,90000
12,74096	63,00000
12,77108	63,10000
12,80120	63,20000
12,83133	63,30000
12,86145	63,40000
12,89157	63,50000
12,92169	63,60000
12,98193	63,70000
13,01205	63,80000
13,04217	63,90000
13,07229	64,00000
13,10241	64,10000
13,13253	64,20000
13,19277	64,30000
13,22289	64,40000
13,25301	64,50000
13,28313	64,60000
13,34337	64,70000
13,37349	64,80000
13,40361	64,90000
13,43373	65,00000
13,46386	65,10000
13,52410	65,20000
13,55422	65,30000
13,58434	65,40000
13,61446	65,50000
13,64458	65,60000
13,70482	65,70000
13,73494	65,80000
13,76506	65,90000
13,79518	66,00000
13,82530	66,10000
13,85542	66,20000
13,91566	66,30000
13,94578	66,40000
13,97590	66,50000
14,00602	66,60000
14,06627	66,70000
14,09639	66,80000
14,12651	66,90000
14,15663	67,00000
14,18675	67,10000
14,21687	67,20000
14,24699	67,30000
14,30723	67,40000
14,33735	67,50000
14,36747	67,60000
14,39759	67,70000
14,42771	67,80000
14,48795	67,90000
14,51807	68,00000
14,54819	68,10000
14,57831	68,20000
14,60843	68,30000
14,66867	68,40000
14,69879	68,50000
14,72892	68,60000
14,75904	68,70000
14,78916	68,80000
14,81928	68,90000
14,87952	69,00000
14,90964	69,10000
14,93976	69,20000
14,96988	69,30000
15,03012	69,40000
15,06024	69,50000
15,09036	69,60000
15,12048	69,70000
15,18072	69,80000
15,21084	69,90000
15,24096	70,00000
15,27108	70,10000
15,30120	70,20000
15,36145	70,30000
15,39157	70,40000
15,42169	70,50000
15,45181	70,60000
15,48193	70,70000
15,51205	70,80000
15,54217	70,90000
15,60241	71,00000
15,63253	71,10000
15,66265	71,20000
15,69277	71,30000
15,66265	71,40000
15,66265	71,50000
15,69277	71,60000
15,72289	71,70000
15,78313	71,80000
15,81325	71,90000
15,84337	72,00000
15,87349	72,10000
15,93373	72,20000
15,90361	72,30000
15,78313	72,40000
15,78313	72,50000
15,81325	72,60000
15,84337	72,70000
15,87349	72,80000
15,93373	72,90000
15,96386	73,00000
15,99398	73,10000
16,02410	73,20000
16,05422	73,30000
16,08434	73,40000
16,08434	73,50000
16,11446	73,60000
16,11446	73,70000
16,11446	73,80000
16,08434	73,90000
16,05422	74,00000
16,08434	74,10000
16,11446	74,20000
16,14458	74,30000
16,17470	74,40000
16,20482	74,50000
16,23494	74,60000
16,29518	74,70000
16,32530	74,80000
16,35542	74,90000
16,38554	75,00000
16,41566	75,10000
16,44578	75,20000
16,44578	75,30000
15,51205	75,40000
15,18072	75,50000
15,15060	75,60000
15,12048	75,70000
15,12048	75,80000
15,15060	75,90000
15,18072	76,00000
15,21084	76,10000
