HBM_CATMAN12_DATAFILE
22/03/10
08:42
CHANNELS: 2
SEPARATOR: 9
MAXLINES: 955

Cel 500Kg	T(Cel 500Kg)
kgf	s
5	5

0,03030	0,00000
0,03030	0,10000
0,03030	0,20000
0,03030	0,30000
0,03030	0,40000
0,03030	0,50000
0,03030	0,60000
0,03030	0,70000
0,03030	0,80000
0,03030	0,90000
0,03030	1,00000
0,03030	1,10000
0,03030	1,20000
0,03030	1,30000
0,03030	1,40000
0,03030	1,50000
0,03030	1,60000
0,03030	1,70000
0,03030	1,80000
0,03030	1,90000
0,03030	2,00000
0,03030	2,10000
0,03030	2,20000
0,03030	2,30000
0,03030	2,40000
0,03030	2,50000
0,03030	2,60000
0,03030	2,70000
0,03030	2,80000
0,03030	2,90000
0,03030	3,00000
0,03030	3,10000
0,03030	3,20000
0,03030	3,30000
0,03030	3,40000
0,03030	3,50000
0,03030	3,60000
0,03030	3,70000
0,03030	3,80000
0,03030	3,90000
0,03030	4,00000
0,03030	4,10000
0,03030	4,20000
0,03030	4,30000
0,03030	4,40000
0,03030	4,50000
0,03030	4,60000
0,03030	4,70000
0,03030	4,80000
0,03030	4,90000
0,03030	5,00000
0,03030	5,10000
0,03030	5,20000
0,03030	5,30000
0,03030	5,40000
0,03030	5,50000
0,03030	5,60000
0,03030	5,70000
0,03030	5,80000
0,03030	5,90000
0,03030	6,00000
0,03030	6,10000
0,03030	6,20000
0,03030	6,30000
0,03030	6,40000
0,03030	6,50000
0,03030	6,60000
0,03030	6,70000
0,03030	6,80000
0,03030	6,90000
0,03030	7,00000
0,03030	7,10000
0,03030	7,20000
0,03030	7,30000
0,03030	7,40000
0,03030	7,50000
0,03030	7,60000
0,03030	7,70000
0,06061	7,80000
0,06061	7,90000
0,06061	8,00000
0,06061	8,10000
0,06061	8,20000
0,06061	8,30000
0,06061	8,40000
0,06061	8,50000
0,06061	8,60000
0,06061	8,70000
0,06061	8,80000
0,06061	8,90000
0,06061	9,00000
0,06061	9,10000
0,06061	9,20000
0,06061	9,30000
0,06061	9,40000
0,06061	9,50000
0,06061	9,60000
0,06061	9,70000
0,06061	9,80000
0,06061	9,90000
0,06061	10,00000
0,06061	10,10000
0,06061	10,20000
0,06061	10,30000
0,06061	10,40000
0,06061	10,50000
0,06061	10,60000
0,06061	10,70000
0,06061	10,80000
0,06061	10,90000
0,06061	11,00000
0,06061	11,10000
0,09091	11,20000
0,09091	11,30000
0,09091	11,40000
0,09091	11,50000
0,09091	11,60000
0,09091	11,70000
0,09091	11,80000
0,09091	11,90000
0,09091	12,00000
0,09091	12,10000
0,09091	12,20000
0,09091	12,30000
0,09091	12,40000
0,09091	12,50000
0,09091	12,60000
0,09091	12,70000
0,09091	12,80000
0,09091	12,90000
0,09091	13,00000
0,09091	13,10000
0,09091	13,20000
0,09091	13,30000
0,12121	13,40000
0,12121	13,50000
0,12121	13,60000
0,12121	13,70000
0,12121	13,80000
0,12121	13,90000
0,12121	14,00000
0,12121	14,10000
0,12121	14,20000
0,12121	14,30000
0,12121	14,40000
0,12121	14,50000
0,12121	14,60000
0,12121	14,70000
0,12121	14,80000
0,12121	14,90000
0,12121	15,00000
0,15152	15,10000
0,15152	15,20000
0,15152	15,30000
0,15152	15,40000
0,15152	15,50000
0,15152	15,60000
0,15152	15,70000
0,15152	15,80000
0,15152	15,90000
0,15152	16,00000
0,15152	16,10000
0,15152	16,20000
0,15152	16,30000
0,15152	16,40000
0,15152	16,50000
0,15152	16,60000
0,18182	16,70000
0,18182	16,80000
0,18182	16,90000
0,18182	17,00000
0,18182	17,10000
0,18182	17,20000
0,18182	17,30000
0,18182	17,40000
0,18182	17,50000
0,18182	17,60000
0,18182	17,70000
0,18182	17,80000
0,21212	17,90000
0,21212	18,00000
0,21212	18,10000
0,21212	18,20000
0,21212	18,30000
0,21212	18,40000
0,21212	18,50000
0,21212	18,60000
0,21212	18,70000
0,24242	18,80000
0,24242	18,90000
0,24242	19,00000
0,24242	19,10000
0,24242	19,20000
0,24242	19,30000
0,24242	19,40000
0,24242	19,50000
0,27273	19,60000
0,27273	19,70000
0,27273	19,80000
0,27273	19,90000
0,27273	20,00000
0,27273	20,10000
0,27273	20,20000
0,27273	20,30000
0,27273	20,40000
0,30303	20,50000
0,27273	20,60000
0,30303	20,70000
0,30303	20,80000
0,30303	20,90000
0,30303	21,00000
0,30303	21,10000
0,30303	21,20000
0,33333	21,30000
0,33333	21,40000
0,33333	21,50000
0,33333	21,60000
0,33333	21,70000
0,33333	21,80000
0,36364	21,90000
0,36364	22,00000
0,36364	22,10000
0,36364	22,20000
0,36364	22,30000
0,36364	22,40000
0,39394	22,50000
0,39394	22,60000
0,39394	22,70000
0,39394	22,80000
0,39394	22,90000
0,42424	23,00000
0,42424	23,10000
0,42424	23,20000
0,42424	23,30000
0,45455	23,40000
0,45455	23,50000
0,45455	23,60000
0,48485	23,70000
0,48485	23,80000
0,48485	23,90000
0,48485	24,00000
0,51515	24,10000
0,51515	24,20000
0,51515	24,30000
0,51515	24,40000
0,51515	24,50000
0,54545	24,60000
0,54545	24,70000
0,54545	24,80000
0,57576	24,90000
0,57576	25,00000
0,57576	25,10000
0,60606	25,20000
0,60606	25,30000
0,60606	25,40000
0,60606	25,50000
0,63636	25,60000
0,63636	25,70000
0,63636	25,80000
0,66667	25,90000
0,66667	26,00000
0,69697	26,10000
0,69697	26,20000
0,69697	26,30000
0,72727	26,40000
0,72727	26,50000
0,72727	26,60000
0,75758	26,70000
0,75758	26,80000
0,78788	26,90000
0,78788	27,00000
0,81818	27,10000
0,81818	27,20000
0,81818	27,30000
0,84848	27,40000
0,84848	27,50000
0,87879	27,60000
0,90909	27,70000
0,90909	27,80000
0,90909	27,90000
0,93939	28,00000
0,93939	28,10000
0,96970	28,20000
0,96970	28,30000
1,00000	28,40000
1,00000	28,50000
1,03030	28,60000
1,03030	28,70000
1,06061	28,80000
1,06061	28,90000
1,09091	29,00000
1,09091	29,10000
1,12121	29,20000
1,12121	29,30000
1,15152	29,40000
1,15152	29,50000
1,18182	29,60000
1,18182	29,70000
1,21212	29,80000
1,21212	29,90000
1,24242	30,00000
1,24242	30,10000
1,27273	30,20000
1,27273	30,30000
1,30303	30,40000
1,33333	30,50000
1,33333	30,60000
1,36364	30,70000
1,36364	30,80000
1,39394	30,90000
1,39394	31,00000
1,42424	31,10000
1,45455	31,20000
1,45455	31,30000
1,48485	31,40000
1,48485	31,50000
1,51515	31,60000
1,54545	31,70000
1,54545	31,80000
1,57576	31,90000
1,60606	32,00000
1,60606	32,10000
1,63636	32,20000
1,63636	32,30000
1,66667	32,40000
1,69697	32,50000
1,69697	32,60000
1,72727	32,70000
1,75758	32,80000
1,75758	32,90000
1,78788	33,00000
1,81818	33,10000
1,81818	33,20000
1,84848	33,30000
1,84848	33,40000
1,87879	33,50000
1,90909	33,60000
1,93939	33,70000
1,93939	33,80000
1,96970	33,90000
1,96970	34,00000
2,00000	34,10000
2,00000	34,20000
2,00000	34,30000
2,03030	34,40000
2,03030	34,50000
2,06061	34,60000
2,06061	34,70000
2,09091	34,80000
2,09091	34,90000
2,09091	35,00000
2,12121	35,10000
2,12121	35,20000
2,15152	35,30000
2,15152	35,40000
2,18182	35,50000
2,18182	35,60000
2,21212	35,70000
2,21212	35,80000
2,24242	35,90000
2,24242	36,00000
2,27273	36,10000
2,27273	36,20000
2,30303	36,30000
2,33333	36,40000
2,33333	36,50000
2,36364	36,60000
2,36364	36,70000
2,39394	36,80000
2,42424	36,90000
2,42424	37,00000
2,45455	37,10000
2,48485	37,20000
2,48485	37,30000
2,51515	37,40000
2,54545	37,50000
2,54545	37,60000
2,57576	37,70000
2,60606	37,80000
2,60606	37,90000
2,63636	38,00000
2,66667	38,10000
2,66667	38,20000
2,69697	38,30000
2,69697	38,40000
2,72727	38,50000
2,75758	38,60000
2,75758	38,70000
2,78788	38,80000
2,81818	38,90000
2,81818	39,00000
2,84848	39,10000
2,84848	39,20000
2,87879	39,30000
2,90909	39,40000
2,90909	39,50000
2,93939	39,60000
2,93939	39,70000
2,96970	39,80000
2,96970	39,90000
3,00000	40,00000
3,03030	40,10000
3,03030	40,20000
3,06061	40,30000
3,09091	40,40000
3,09091	40,50000
3,12121	40,60000
3,12121	40,70000
3,15152	40,80000
3,18182	40,90000
3,18182	41,00000
3,21212	41,10000
3,24242	41,20000
3,27273	41,30000
3,27273	41,40000
3,30303	41,50000
3,30303	41,60000
3,33333	41,70000
3,33333	41,80000
3,36364	41,90000
3,39394	42,00000
3,42424	42,10000
3,42424	42,20000
3,45455	42,30000
3,45455	42,40000
3,48485	42,50000
3,51515	42,60000
3,51515	42,70000
3,54545	42,80000
3,54545	42,90000
3,57576	43,00000
3,60606	43,10000
3,63636	43,20000
3,63636	43,30000
3,66667	43,40000
3,66667	43,50000
3,69697	43,60000
3,69697	43,70000
3,72727	43,80000
3,75758	43,90000
3,78788	44,00000
3,78788	44,10000
3,81818	44,20000
3,81818	44,30000
3,84848	44,40000
3,87879	44,50000
3,90909	44,60000
3,90909	44,70000
3,93939	44,80000
3,96970	44,90000
4,00000	45,00000
4,00000	45,10000
4,03030	45,20000
4,03030	45,30000
4,06061	45,40000
4,06061	45,50000
4,09091	45,60000
4,12121	45,70000
4,12121	45,80000
4,15152	45,90000
4,15152	46,00000
4,18182	46,10000
4,21212	46,20000
4,21212	46,30000
4,24242	46,40000
4,27273	46,50000
4,27273	46,60000
4,30303	46,70000
4,30303	46,80000
4,33333	46,90000
4,36364	47,00000
4,39394	47,10000
4,39394	47,20000
4,42424	47,30000
4,45455	47,40000
4,45455	47,50000
4,48485	47,60000
4,51515	47,70000
4,51515	47,80000
4,54545	47,90000
4,57576	48,00000
4,57576	48,10000
4,60606	48,20000
4,63636	48,30000
4,66667	48,40000
4,66667	48,50000
4,69697	48,60000
4,69697	48,70000
4,72727	48,80000
4,72727	48,90000
4,75758	49,00000
4,78788	49,10000
4,78788	49,20000
4,81818	49,30000
4,84848	49,40000
4,84848	49,50000
4,87879	49,60000
4,90909	49,70000
4,90909	49,80000
4,93939	49,90000
4,96970	50,00000
4,96970	50,10000
5,00000	50,20000
5,03030	50,30000
5,03030	50,40000
5,06061	50,50000
5,09091	50,60000
5,09091	50,70000
5,12121	50,80000
5,12121	50,90000
5,15152	51,00000
5,18182	51,10000
5,21212	51,20000
5,21212	51,30000
5,24242	51,40000
5,27273	51,50000
5,27273	51,60000
5,30303	51,70000
5,30303	51,80000
5,33333	51,90000
5,36364	52,00000
5,39394	52,10000
5,39394	52,20000
5,42424	52,30000
5,45455	52,40000
5,45455	52,50000
5,48485	52,60000
5,48485	52,70000
5,51515	52,80000
5,51515	52,90000
5,54545	53,00000
5,54545	53,10000
5,54545	53,20000
5,57576	53,30000
5,57576	53,40000
5,57576	53,50000
5,60606	53,60000
5,63636	53,70000
5,66667	53,80000
5,69697	53,90000
5,69697	54,00000
5,72727	54,10000
5,75758	54,20000
5,78788	54,30000
5,78788	54,40000
5,81818	54,50000
5,84848	54,60000
5,87879	54,70000
5,87879	54,80000
5,90909	54,90000
5,90909	55,00000
5,93939	55,10000
5,96970	55,20000
5,96970	55,30000
6,00000	55,40000
6,03030	55,50000
6,03030	55,60000
6,06061	55,70000
6,09091	55,80000
6,09091	55,90000
6,12121	56,00000
6,15152	56,10000
6,18182	56,20000
6,18182	56,30000
6,21212	56,40000
6,24242	56,50000
6,24242	56,60000
6,27273	56,70000
6,27273	56,80000
6,30303	56,90000
6,33333	57,00000
6,33333	57,10000
6,36364	57,20000
6,36364	57,30000
6,39394	57,40000
6,42424	57,50000
6,45455	57,60000
6,45455	57,70000
6,48485	57,80000
6,48485	57,90000
6,51515	58,00000
6,51515	58,10000
6,54545	58,20000
6,57576	58,30000
6,57576	58,40000
6,60606	58,50000
6,60606	58,60000
6,63636	58,70000
6,66667	58,80000
6,66667	58,90000
6,69697	59,00000
6,72727	59,10000
6,72727	59,20000
6,75758	59,30000
6,78788	59,40000
6,78788	59,50000
6,81818	59,60000
6,81818	59,70000
6,84848	59,80000
6,87879	59,90000
6,87879	60,00000
6,90909	60,10000
6,93939	60,20000
6,93939	60,30000
6,96970	60,40000
6,96970	60,50000
7,00000	60,60000
7,02970	60,70000
7,02970	60,80000
7,05941	60,90000
7,08911	61,00000
7,08911	61,10000
7,11881	61,20000
7,14851	61,30000
7,14851	61,40000
7,17822	61,50000
7,20792	61,60000
7,20792	61,70000
7,23762	61,80000
7,23762	61,90000
7,26733	62,00000
7,29703	62,10000
7,32673	62,20000
7,32673	62,30000
7,35644	62,40000
7,38614	62,50000
7,38614	62,60000
7,41584	62,70000
7,44554	62,80000
7,44554	62,90000
7,47525	63,00000
7,50495	63,10000
7,50495	63,20000
7,53465	63,30000
7,53465	63,40000
7,56436	63,50000
7,59406	63,60000
7,59406	63,70000
7,62376	63,80000
7,65347	63,90000
7,68317	64,00000
7,68317	64,10000
7,71287	64,20000
7,74257	64,30000
7,74257	64,40000
7,77228	64,50000
7,80198	64,60000
7,80198	64,70000
7,83168	64,80000
7,86139	64,90000
7,86139	65,00000
7,89109	65,10000
7,92079	65,20000
7,92079	65,30000
7,95049	65,40000
7,95049	65,50000
7,98020	65,60000
8,00990	65,70000
8,00990	65,80000
8,03960	65,90000
8,03960	66,00000
8,06931	66,10000
8,09901	66,20000
8,09901	66,30000
8,12871	66,40000
8,12871	66,50000
8,15842	66,60000
8,18812	66,70000
8,18812	66,80000
8,15842	66,90000
8,21782	67,00000
8,24753	67,10000
8,27723	67,20000
8,27723	67,30000
8,30693	67,40000
8,30693	67,50000
8,33663	67,60000
8,36634	67,70000
8,36634	67,80000
8,36634	67,90000
8,39604	68,00000
8,42574	68,10000
8,42574	68,20000
8,45545	68,30000
8,45545	68,40000
8,48515	68,50000
8,48515	68,60000
8,51485	68,70000
8,51485	68,80000
8,54455	68,90000
8,54455	69,00000
8,57426	69,10000
8,57426	69,20000
8,60396	69,30000
8,60396	69,40000
8,63366	69,50000
8,63366	69,60000
8,66337	69,70000
8,66337	69,80000
8,69307	69,90000
8,69307	70,00000
8,72277	70,10000
8,72277	70,20000
8,75247	70,30000
8,75247	70,40000
8,78218	70,50000
8,78218	70,60000
8,81188	70,70000
8,81188	70,80000
8,81188	70,90000
8,84158	71,00000
8,84158	71,10000
8,87129	71,20000
8,87129	71,30000
8,90099	71,40000
8,90099	71,50000
8,90099	71,60000
8,93069	71,70000
8,93069	71,80000
8,93069	71,90000
8,93069	72,00000
8,96040	72,10000
8,99010	72,20000
8,99010	72,30000
8,99010	72,40000
8,99010	72,50000
9,01980	72,60000
9,01980	72,70000
9,01980	72,80000
9,01980	72,90000
9,01980	73,00000
9,01980	73,10000
9,04950	73,20000
9,04950	73,30000
9,04950	73,40000
9,04950	73,50000
9,04950	73,60000
8,96040	73,70000
8,93069	73,80000
8,93069	73,90000
8,90099	74,00000
8,90099	74,10000
8,90099	74,20000
8,87129	74,30000
8,84158	74,40000
8,75247	74,50000
8,72277	74,60000
8,69307	74,70000
8,66337	74,80000
8,63366	74,90000
8,60396	75,00000
8,60396	75,10000
8,60396	75,20000
8,60396	75,30000
8,57426	75,40000
8,57426	75,50000
8,57426	75,60000
8,57426	75,70000
8,57426	75,80000
8,57426	75,90000
8,60396	76,00000
8,60396	76,10000
8,60396	76,20000
8,60396	76,30000
8,60396	76,40000
8,60396	76,50000
8,60396	76,60000
8,60396	76,70000
8,60396	76,80000
8,57426	76,90000
7,98020	77,00000
7,62376	77,10000
7,53465	77,20000
7,47525	77,30000
7,41584	77,40000
7,38614	77,50000
7,35644	77,60000
7,32673	77,70000
7,23762	77,80000
7,17822	77,90000
7,11881	78,00000
7,05941	78,10000
7,02970	78,20000
6,96970	78,30000
6,93939	78,40000
6,90909	78,50000
6,87879	78,60000
6,78788	78,70000
6,72727	78,80000
-992,96973	78,90000
6,39394	79,00000
6,48485	79,10000
6,33333	79,20000
6,21212	79,30000
6,09091	79,40000
6,00000	79,50000
5,90909	79,60000
5,81818	79,70000
5,75758	79,80000
5,69697	79,90000
5,63636	80,00000
5,57576	80,10000
5,51515	80,20000
5,45455	80,30000
5,42424	80,40000
5,36364	80,50000
5,33333	80,60000
5,27273	80,70000
5,24242	80,80000
5,21212	80,90000
5,18182	81,00000
5,15152	81,10000
5,09091	81,20000
5,06061	81,30000
5,03030	81,40000
5,00000	81,50000
4,96970	81,60000
4,93939	81,70000
4,90909	81,80000
4,90909	81,90000
4,87879	82,00000
4,84848	82,10000
4,81818	82,20000
4,78788	82,30000
4,78788	82,40000
4,75758	82,50000
4,72727	82,60000
4,72727	82,70000
4,69697	82,80000
4,66667	82,90000
4,66667	83,00000
4,63636	83,10000
4,60606	83,20000
4,60606	83,30000
4,63636	83,40000
4,60606	83,50000
4,60606	83,60000
4,57576	83,70000
4,54545	83,80000
4,33333	83,90000
3,57576	84,00000
2,81818	84,10000
2,15152	84,20000
1,60606	84,30000
1,15152	84,40000
0,81818	84,50000
0,60606	84,60000
0,51515	84,70000
0,39394	84,80000
0,30303	84,90000
0,24242	85,00000
0,18182	85,10000
0,12121	85,20000
0,09091	85,30000
0,09091	85,40000
0,06061	85,50000
0,06061	85,60000
0,06061	85,70000
0,03030	85,80000
0,03030	85,90000
0,03030	86,00000
0,00000	86,10000
0,00000	86,20000
0,00000	86,30000
0,03030	86,40000
0,03030	86,50000
0,03030	86,60000
0,03030	86,70000
0,03030	86,80000
0,03030	86,90000
0,03030	87,00000
0,03030	87,10000
0,03030	87,20000
0,03030	87,30000
0,03030	87,40000
0,03030	87,50000
0,00000	87,60000
0,00000	87,70000
0,03030	87,80000
0,03030	87,90000
0,03030	88,00000
0,03030	88,10000
0,03030	88,20000
0,03030	88,30000
0,03030	88,40000
0,03030	88,50000
0,03030	88,60000
-992,96973	88,70000
-1,69697	88,80000
-0,03030	88,90000
0,03030	89,00000
0,03030	89,10000
0,03030	89,20000
0,03030	89,30000
0,03030	89,40000
0,03030	89,50000
0,03030	89,60000
0,03030	89,70000
0,03030	89,80000
0,03030	89,90000
0,03030	90,00000
0,03030	90,10000
0,03030	90,20000
0,03030	90,30000
0,03030	90,40000
0,03030	90,50000
0,03030	90,60000
0,03030	90,70000
0,03030	90,80000
0,03030	90,90000
0,03030	91,00000
0,03030	91,10000
0,03030	91,20000
0,03030	91,30000
0,03030	91,40000
0,03030	91,50000
0,03030	91,60000
0,03030	91,70000
0,03030	91,80000
0,03030	91,90000
0,03030	92,00000
0,03030	92,10000
0,03030	92,20000
0,03030	92,30000
0,03030	92,40000
0,03030	92,50000
0,03030	92,60000
0,03030	92,70000
0,03030	92,80000
0,03030	92,90000
0,03030	93,00000
0,03030	93,10000
0,03030	93,20000
0,03030	93,30000
0,03030	93,40000
0,03030	93,50000
0,03030	93,60000
0,03030	93,70000
0,03030	93,80000
0,03030	93,90000
0,03030	94,00000
0,03030	94,10000
0,03030	94,20000
0,03030	94,30000
0,03030	94,40000
0,03030	94,50000
0,03030	94,60000
0,03030	94,70000
0,03030	94,80000
0,03030	94,90000
0,03030	95,00000
0,03030	95,10000
0,03030	95,20000
0,03030	95,30000
0,03030	95,40000
