HBM_CATMAN12_DATAFILE
22/03/10
09:00
CHANNELS: 2
SEPARATOR: 9
MAXLINES: 759

Cel 500Kg	T(Cel 500Kg)
kgf	s
5	5

0,03030	0,00000
0,03030	0,10000
0,03030	0,20000
0,03030	0,30000
-992,96973	0,40000
0,03030	0,50000
0,03030	0,60000
0,03030	0,70000
0,03030	0,80000
0,06061	0,90000
0,03030	1,00000
0,03030	1,10000
0,03030	1,20000
0,03030	1,30000
0,06061	1,40000
0,03030	1,50000
0,06061	1,60000
0,06061	1,70000
0,06061	1,80000
0,06061	1,90000
0,09091	2,00000
0,09091	2,10000
0,09091	2,20000
0,09091	2,30000
0,12121	2,40000
0,12121	2,50000
0,12121	2,60000
0,15152	2,70000
0,15152	2,80000
0,15152	2,90000
0,18182	3,00000
0,18182	3,10000
0,18182	3,20000
0,21212	3,30000
0,21212	3,40000
0,24242	3,50000
0,24242	3,60000
0,24242	3,70000
0,27273	3,80000
0,27273	3,90000
0,30303	4,00000
0,30303	4,10000
0,33333	4,20000
0,33333	4,30000
0,36364	4,40000
0,36364	4,50000
0,39394	4,60000
0,39394	4,70000
0,42424	4,80000
0,42424	4,90000
0,45455	5,00000
0,45455	5,10000
0,48485	5,20000
0,51515	5,30000
0,51515	5,40000
0,54545	5,50000
0,57576	5,60000
0,57576	5,70000
0,60606	5,80000
0,63636	5,90000
0,63636	6,00000
0,66667	6,10000
0,69697	6,20000
0,69697	6,30000
0,72727	6,40000
0,75758	6,50000
0,78788	6,60000
0,78788	6,70000
0,81818	6,80000
0,84848	6,90000
0,87879	7,00000
0,87879	7,10000
0,90909	7,20000
0,93939	7,30000
0,96970	7,40000
1,00000	7,50000
1,00000	7,60000
1,03030	7,70000
1,06061	7,80000
1,09091	7,90000
1,12121	8,00000
1,15152	8,10000
1,18182	8,20000
1,21212	8,30000
1,21212	8,40000
1,24242	8,50000
1,27273	8,60000
1,30303	8,70000
1,33333	8,80000
1,36364	8,90000
1,39394	9,00000
1,42424	9,10000
1,45455	9,20000
1,45455	9,30000
1,51515	9,40000
1,51515	9,50000
1,54545	9,60000
1,57576	9,70000
1,60606	9,80000
1,63636	9,90000
1,66667	10,00000
1,69697	10,10000
1,69697	10,20000
1,72727	10,30000
1,75758	10,40000
1,78788	10,50000
1,78788	10,60000
1,81818	10,70000
1,84848	10,80000
1,87879	10,90000
1,87879	11,00000
1,87879	11,10000
1,87879	11,20000
1,90909	11,30000
1,93939	11,40000
1,96970	11,50000
1,96970	11,60000
2,00000	11,70000
2,03030	11,80000
2,06061	11,90000
2,06061	12,00000
2,09091	12,10000
2,12121	12,20000
2,15152	12,30000
2,15152	12,40000
2,18182	12,50000
2,21212	12,60000
2,21212	12,70000
2,24242	12,80000
2,27273	12,90000
2,30303	13,00000
2,33333	13,10000
2,36364	13,20000
2,39394	13,30000
2,39394	13,40000
2,42424	13,50000
2,45455	13,60000
2,48485	13,70000
2,51515	13,80000
2,54545	13,90000
2,57576	14,00000
2,57576	14,10000
2,60606	14,20000
2,63636	14,30000
2,66667	14,40000
2,69697	14,50000
2,72727	14,60000
2,72727	14,70000
2,75758	14,80000
2,78788	14,90000
2,81818	15,00000
2,81818	15,10000
2,84848	15,20000
2,87879	15,30000
2,90909	15,40000
2,93939	15,50000
2,93939	15,60000
2,96970	15,70000
3,00000	15,80000
3,03030	15,90000
3,03030	16,00000
3,06061	16,10000
3,09091	16,20000
3,12121	16,30000
3,15152	16,40000
3,15152	16,50000
3,18182	16,60000
3,21212	16,70000
3,24242	16,80000
3,24242	16,90000
3,27273	17,00000
3,30303	17,10000
3,33333	17,20000
3,33333	17,30000
3,36364	17,40000
3,39394	17,50000
3,42424	17,60000
3,42424	17,70000
3,45455	17,80000
3,48485	17,90000
3,51515	18,00000
3,51515	18,10000
3,54545	18,20000
3,57576	18,30000
3,57576	18,40000
3,60606	18,50000
3,63636	18,60000
3,66667	18,70000
3,66667	18,80000
3,69697	18,90000
3,72727	19,00000
3,72727	19,10000
3,75758	19,20000
3,78788	19,30000
3,78788	19,40000
3,81818	19,50000
3,84848	19,60000
3,87879	19,70000
3,87879	19,80000
3,90909	19,90000
3,90909	20,00000
3,93939	20,10000
3,96970	20,20000
4,00000	20,30000
4,00000	20,40000
4,03030	20,50000
4,06061	20,60000
4,09091	20,70000
4,12121	20,80000
4,12121	20,90000
4,15152	21,00000
4,18182	21,10000
4,21212	21,20000
4,21212	21,30000
4,24242	21,40000
4,27273	21,50000
4,30303	21,60000
4,30303	21,70000
4,33333	21,80000
4,36364	21,90000
4,39394	22,00000
4,42424	22,10000
4,42424	22,20000
4,45455	22,30000
4,45455	22,40000
4,48485	22,50000
4,48485	22,60000
4,51515	22,70000
4,54545	22,80000
4,54545	22,90000
4,57576	23,00000
4,57576	23,10000
4,60606	23,20000
4,63636	23,30000
4,66667	23,40000
4,66667	23,50000
4,69697	23,60000
4,72727	23,70000
4,75758	23,80000
4,75758	23,90000
4,78788	24,00000
4,81818	24,10000
4,84848	24,20000
4,84848	24,30000
4,87879	24,40000
4,90909	24,50000
4,93939	24,60000
4,93939	24,70000
4,96970	24,80000
4,96970	24,90000
5,00000	25,00000
5,03030	25,10000
5,06061	25,20000
5,09091	25,30000
5,09091	25,40000
5,12121	25,50000
5,15152	25,60000
5,15152	25,70000
5,18182	25,80000
5,21212	25,90000
5,21212	26,00000
5,24242	26,10000
5,27273	26,20000
5,30303	26,30000
5,33333	26,40000
5,33333	26,50000
5,33333	26,60000
5,36364	26,70000
5,39394	26,80000
5,39394	26,90000
5,39394	27,00000
5,42424	27,10000
5,45455	27,20000
5,48485	27,30000
5,48485	27,40000
5,51515	27,50000
5,54545	27,60000
5,57576	27,70000
5,60606	27,80000
5,63636	27,90000
5,66667	28,00000
5,69697	28,10000
5,72727	28,20000
5,72727	28,30000
5,75758	28,40000
5,78788	28,50000
5,81818	28,60000
5,81818	28,70000
5,84848	28,80000
5,87879	28,90000
5,90909	29,00000
5,90909	29,10000
5,93939	29,20000
5,96970	29,30000
6,00000	29,40000
6,00000	29,50000
6,03030	29,60000
6,06061	29,70000
6,09091	29,80000
6,12121	29,90000
6,12121	30,00000
6,15152	30,10000
6,18182	30,20000
6,21212	30,30000
6,24242	30,40000
6,24242	30,50000
6,27273	30,60000
6,30303	30,70000
6,33333	30,80000
6,33333	30,90000
6,36364	31,00000
6,39394	31,10000
6,39394	31,20000
6,42424	31,30000
6,45455	31,40000
6,48485	31,50000
6,51515	31,60000
6,54545	31,70000
6,54545	31,80000
6,57576	31,90000
6,60606	32,00000
6,63636	32,10000
6,63636	32,20000
6,66667	32,30000
6,69697	32,40000
6,72727	32,50000
6,72727	32,60000
6,75758	32,70000
6,78788	32,80000
6,81818	32,90000
6,84848	33,00000
6,84848	33,10000
6,87879	33,20000
6,90909	33,30000
6,93939	33,40000
6,96970	33,50000
6,96970	33,60000
7,00000	33,70000
7,00000	33,80000
7,02970	33,90000
7,05941	34,00000
7,08911	34,10000
7,11881	34,20000
7,14851	34,30000
7,14851	34,40000
7,17822	34,50000
7,20792	34,60000
7,23762	34,70000
7,23762	34,80000
7,26733	34,90000
7,29703	35,00000
7,32673	35,10000
7,35644	35,20000
7,35644	35,30000
7,38614	35,40000
7,41584	35,50000
7,44554	35,60000
7,44554	35,70000
7,47525	35,80000
7,50495	35,90000
7,53465	36,00000
7,53465	36,10000
7,56436	36,20000
7,59406	36,30000
7,62376	36,40000
7,62376	36,50000
7,65347	36,60000
7,68317	36,70000
7,71287	36,80000
7,74257	36,90000
7,77228	37,00000
7,77228	37,10000
7,80198	37,20000
7,83168	37,30000
7,86139	37,40000
7,89109	37,50000
7,89109	37,60000
7,92079	37,70000
7,95049	37,80000
7,98020	37,90000
8,00990	38,00000
8,00990	38,10000
8,03960	38,20000
8,06931	38,30000
8,09901	38,40000
8,12871	38,50000
8,12871	38,60000
8,15842	38,70000
8,18812	38,80000
8,21782	38,90000
8,24753	39,00000
8,27723	39,10000
8,30693	39,20000
8,30693	39,30000
8,33663	39,40000
8,36634	39,50000
8,39604	39,60000
8,42574	39,70000
8,45545	39,80000
8,48515	39,90000
8,51485	40,00000
8,54455	40,10000
8,57426	40,20000
8,60396	40,30000
8,60396	40,40000
8,66337	40,50000
8,69307	40,60000
8,69307	40,70000
8,72277	40,80000
8,75247	40,90000
8,78218	41,00000
8,81188	41,10000
8,84158	41,20000
8,87129	41,30000
8,90099	41,40000
8,93069	41,50000
8,96040	41,60000
8,96040	41,70000
8,99010	41,80000
9,01980	41,90000
9,04950	42,00000
9,07921	42,10000
9,10891	42,20000
9,13861	42,30000
9,16832	42,40000
9,19802	42,50000
9,22772	42,60000
9,25743	42,70000
9,28713	42,80000
9,31683	42,90000
9,34653	43,00000
9,37624	43,10000
9,40594	43,20000
9,43564	43,30000
9,46535	43,40000
9,49505	43,50000
9,49505	43,60000
9,55446	43,70000
9,58416	43,80000
9,61386	43,90000
9,64356	44,00000
9,64356	44,10000
9,67327	44,20000
9,73267	44,30000
9,73267	44,40000
9,76238	44,50000
9,79208	44,60000
9,82178	44,70000
9,85148	44,80000
9,88119	44,90000
9,91089	45,00000
9,94059	45,10000
9,97030	45,20000
10,00000	45,30000
10,03012	45,40000
10,06024	45,50000
10,09036	45,60000
10,12048	45,70000
10,15060	45,80000
10,18072	45,90000
10,21084	46,00000
10,24096	46,10000
10,27108	46,20000
10,30120	46,30000
10,33132	46,40000
10,36145	46,50000
10,39157	46,60000
10,42169	46,70000
10,45181	46,80000
10,48193	46,90000
10,54217	47,00000
10,54217	47,10000
10,57229	47,20000
10,60241	47,30000
10,63253	47,40000
10,69277	47,50000
10,72289	47,60000
10,75301	47,70000
10,78313	47,80000
10,81325	47,90000
10,84337	48,00000
10,87349	48,10000
10,90361	48,20000
10,93373	48,30000
10,99398	48,40000
11,02410	48,50000
11,05422	48,60000
11,08434	48,70000
11,11446	48,80000
11,14458	48,90000
11,17470	49,00000
11,20482	49,10000
11,23494	49,20000
11,29518	49,30000
11,32530	49,40000
11,35542	49,50000
11,38554	49,60000
11,44578	49,70000
11,47590	49,80000
11,50602	49,90000
11,53614	50,00000
11,56627	50,10000
11,59639	50,20000
11,62651	50,30000
11,65663	50,40000
11,68675	50,50000
11,74699	50,60000
11,77711	50,70000
11,80723	50,80000
11,83735	50,90000
11,86747	51,00000
11,92771	51,10000
11,95783	51,20000
11,98795	51,30000
12,01807	51,40000
12,04819	51,50000
12,10843	51,60000
12,13855	51,70000
12,16867	51,80000
12,19879	51,90000
12,22892	52,00000
12,28916	52,10000
12,31928	52,20000
12,34940	52,30000
12,37952	52,40000
12,43976	52,50000
12,46988	52,60000
12,50000	52,70000
12,53012	52,80000
12,56024	52,90000
12,59036	53,00000
12,65060	53,10000
12,68072	53,20000
12,71084	53,30000
12,77108	53,40000
12,80120	53,50000
12,83133	53,60000
12,86145	53,70000
12,92169	53,80000
12,95181	53,90000
12,98193	54,00000
13,04217	54,10000
13,07229	54,20000
13,10241	54,30000
13,16265	54,40000
13,19277	54,50000
13,22289	54,60000
13,25301	54,70000
13,28313	54,80000
13,34337	54,90000
13,37349	55,00000
13,40361	55,10000
13,46386	55,20000
13,49398	55,30000
13,55422	55,40000
13,58434	55,50000
13,61446	55,60000
13,64458	55,70000
13,70482	55,80000
13,73494	55,90000
13,79518	56,00000
13,82530	56,10000
13,88554	56,20000
13,91566	56,30000
13,94578	56,40000
13,97590	56,50000
14,00602	56,60000
14,06627	56,70000
14,09639	56,80000
14,15663	56,90000
14,18675	57,00000
14,21687	57,10000
14,27711	57,20000
14,30723	57,30000
14,33735	57,40000
14,39759	57,50000
14,42771	57,60000
14,48795	57,70000
14,51807	57,80000
14,54819	57,90000
14,60843	58,00000
14,66867	58,10000
14,69879	58,20000
14,72892	58,30000
14,75904	58,40000
14,81928	58,50000
14,84940	58,60000
14,87952	58,70000
14,93976	58,80000
14,96988	58,90000
15,03012	59,00000
15,06024	59,10000
15,12048	59,20000
15,15060	59,30000
15,18072	59,40000
15,21084	59,50000
15,27108	59,60000
15,30120	59,70000
15,36145	59,80000
15,39157	59,90000
15,45181	60,00000
15,48193	60,10000
15,51205	60,20000
15,57229	60,30000
15,60241	60,40000
15,66265	60,50000
15,69277	60,60000
15,75301	60,70000
15,78313	60,80000
15,84337	60,90000
15,87349	61,00000
15,93373	61,10000
15,96386	61,20000
15,99398	61,30000
16,05422	61,40000
16,08434	61,50000
16,14458	61,60000
16,17470	61,70000
16,20482	61,80000
16,26506	61,90000
16,32530	62,00000
16,35542	62,10000
16,38554	62,20000
16,44578	62,30000
16,47590	62,40000
16,53614	62,50000
16,56627	62,60000
16,62650	62,70000
16,65663	62,80000
16,71687	62,90000
16,74699	63,00000
16,80723	63,10000
16,83735	63,20000
16,89759	63,30000
16,92771	63,40000
16,98795	63,50000
17,04819	63,60000
17,07831	63,70000
17,13855	63,80000
17,19880	63,90000
17,22892	64,00000
17,25904	64,10000
17,28916	64,20000
17,34940	64,30000
17,37952	64,40000
17,43976	64,50000
17,46988	64,60000
17,53012	64,70000
17,56024	64,80000
17,59036	64,90000
17,62048	65,00000
17,68072	65,10000
17,71084	65,20000
17,77108	65,30000
17,80120	65,40000
17,83132	65,50000
17,89157	65,60000
17,95181	65,70000
18,01205	65,80000
18,04217	65,90000
18,07229	66,00000
18,10241	66,10000
18,16265	66,20000
18,19277	66,30000
18,25301	66,40000
18,28313	66,50000
18,34337	66,60000
18,37350	66,70000
18,43373	66,80000
18,46386	66,90000
18,49397	67,00000
18,55422	67,10000
18,58434	67,20000
18,64458	67,30000
18,70482	67,40000
18,73494	67,50000
18,79518	67,60000
18,85542	67,70000
18,88554	67,80000
18,91566	67,90000
18,97590	68,00000
19,00602	68,10000
19,06627	68,20000
19,09639	68,30000
19,15663	68,40000
19,21687	68,50000
19,27711	68,60000
19,33735	68,70000
19,36747	68,80000
19,39759	68,90000
19,45783	69,00000
19,48795	69,10000
19,54819	69,20000
19,57831	69,30000
19,63855	69,40000
19,69880	69,50000
19,75904	69,60000
19,78916	69,70000
19,81928	69,80000
19,84940	69,90000
19,90964	70,00000
19,96988	70,10000
20,00000	70,20000
20,03012	70,30000
20,06024	70,40000
20,12048	70,50000
20,18072	70,60000
20,21084	70,70000
20,27109	70,80000
20,30120	70,90000
20,36145	71,00000
20,39157	71,10000
20,42169	71,20000
20,48193	71,30000
20,51205	71,40000
20,57229	71,50000
20,63253	71,60000
20,66265	71,70000
20,72289	71,80000
20,75301	71,90000
20,81325	72,00000
20,84337	72,10000
20,90361	72,20000
20,96386	72,30000
20,99398	72,40000
21,05422	72,50000
21,11446	72,60000
21,17470	72,70000
21,20482	72,80000
21,26506	72,90000
21,29518	73,00000
21,35542	73,10000
21,41566	73,20000
21,47590	73,30000
21,50603	73,40000
21,56627	73,50000
21,65663	73,60000
21,71687	73,70000
21,74699	73,80000
21,77711	73,90000
21,83735	74,00000
21,89759	74,10000
21,86747	74,20000
21,26506	74,30000
21,14458	74,40000
21,20482	74,50000
21,26506	74,60000
21,32530	74,70000
21,35542	74,80000
21,38554	74,90000
21,44578	75,00000
21,47590	75,10000
21,44578	75,20000
21,26506	75,30000
21,20482	75,40000
21,20482	75,50000
21,17470	75,60000
21,11446	75,70000
21,02410	75,80000
