HBM_CATMAN12_DATAFILE
22/03/10
09:11
CHANNELS: 2
SEPARATOR: 9
MAXLINES: 775

Cel 500Kg	T(Cel 500Kg)
kgf	s
5	5

0,09091	0,00000
0,09091	0,10000
0,09091	0,20000
0,09091	0,30000
0,09091	0,40000
0,09091	0,50000
0,09091	0,60000
0,09091	0,70000
0,09091	0,80000
0,09091	0,90000
0,09091	1,00000
0,09091	1,10000
0,09091	1,20000
0,12121	1,30000
0,12121	1,40000
0,12121	1,50000
0,15152	1,60000
0,15152	1,70000
0,15152	1,80000
0,15152	1,90000
0,15152	2,00000
0,18182	2,10000
0,18182	2,20000
0,18182	2,30000
0,18182	2,40000
0,21212	2,50000
0,21212	2,60000
0,21212	2,70000
0,21212	2,80000
0,21212	2,90000
0,24242	3,00000
0,24242	3,10000
0,24242	3,20000
0,24242	3,30000
0,27273	3,40000
0,27273	3,50000
0,30303	3,60000
0,30303	3,70000
0,30303	3,80000
0,33333	3,90000
0,33333	4,00000
0,33333	4,10000
0,36364	4,20000
0,36364	4,30000
0,39394	4,40000
0,39394	4,50000
0,42424	4,60000
0,42424	4,70000
0,42424	4,80000
0,45455	4,90000
0,45455	5,00000
0,48485	5,10000
0,48485	5,20000
0,51515	5,30000
0,51515	5,40000
0,51515	5,50000
0,54545	5,60000
0,54545	5,70000
0,57576	5,80000
0,57576	5,90000
0,60606	6,00000
0,63636	6,10000
0,63636	6,20000
0,66667	6,30000
0,66667	6,40000
0,69697	6,50000
0,69697	6,60000
0,72727	6,70000
0,72727	6,80000
0,75758	6,90000
0,75758	7,00000
0,78788	7,10000
0,81818	7,20000
0,81818	7,30000
0,84848	7,40000
0,87879	7,50000
0,87879	7,60000
0,90909	7,70000
0,90909	7,80000
0,93939	7,90000
0,96970	8,00000
0,96970	8,10000
1,00000	8,20000
1,00000	8,30000
1,03030	8,40000
1,06061	8,50000
1,06061	8,60000
1,09091	8,70000
1,09091	8,80000
1,12121	8,90000
1,15152	9,00000
1,18182	9,10000
1,18182	9,20000
1,21212	9,30000
1,21212	9,40000
1,24242	9,50000
1,27273	9,60000
1,27273	9,70000
1,30303	9,80000
1,33333	9,90000
1,33333	10,00000
1,36364	10,10000
1,39394	10,20000
1,39394	10,30000
1,42424	10,40000
1,45455	10,50000
1,45455	10,60000
1,48485	10,70000
1,51515	10,80000
1,51515	10,90000
1,54545	11,00000
1,57576	11,10000
1,57576	11,20000
1,60606	11,30000
1,63636	11,40000
1,66667	11,50000
1,66667	11,60000
1,69697	11,70000
1,72727	11,80000
1,75758	11,90000
1,75758	12,00000
1,78788	12,10000
1,81818	12,20000
1,81818	12,30000
1,84848	12,40000
1,87879	12,50000
1,87879	12,60000
1,90909	12,70000
1,90909	12,80000
1,93939	12,90000
1,93939	13,00000
1,96970	13,10000
2,00000	13,20000
2,00000	13,30000
2,03030	13,40000
2,06061	13,50000
2,09091	13,60000
2,09091	13,70000
2,12121	13,80000
2,15152	13,90000
2,15152	14,00000
2,18182	14,10000
2,21212	14,20000
2,24242	14,30000
2,24242	14,40000
2,27273	14,50000
2,30303	14,60000
2,30303	14,70000
2,33333	14,80000
2,36364	14,90000
2,36364	15,00000
2,39394	15,10000
2,42424	15,20000
2,45455	15,30000
2,45455	15,40000
2,48485	15,50000
2,48485	15,60000
2,51515	15,70000
2,54545	15,80000
2,54545	15,90000
2,57576	16,00000
2,60606	16,10000
2,63636	16,20000
2,63636	16,30000
2,66667	16,40000
2,66667	16,50000
2,69697	16,60000
2,72727	16,70000
2,72727	16,80000
2,75758	16,90000
2,78788	17,00000
2,78788	17,10000
2,81818	17,20000
2,81818	17,30000
2,84848	17,40000
2,84848	17,50000
2,87879	17,60000
2,90909	17,70000
2,90909	17,80000
2,93939	17,90000
2,96970	18,00000
2,96970	18,10000
3,00000	18,20000
3,00000	18,30000
3,03030	18,40000
3,03030	18,50000
3,06061	18,60000
3,09091	18,70000
3,09091	18,80000
3,12121	18,90000
3,12121	19,00000
3,15152	19,10000
3,15152	19,20000
3,18182	19,30000
3,21212	19,40000
3,21212	19,50000
3,24242	19,60000
3,24242	19,70000
3,27273	19,80000
3,30303	19,90000
3,30303	20,00000
3,33333	20,10000
3,33333	20,20000
3,36364	20,30000
3,39394	20,40000
3,39394	20,50000
3,39394	20,60000
3,42424	20,70000
3,45455	20,80000
3,45455	20,90000
3,48485	21,00000
3,51515	21,10000
3,51515	21,20000
3,51515	21,30000
3,54545	21,40000
3,57576	21,50000
3,57576	21,60000
3,60606	21,70000
3,60606	21,80000
3,63636	21,90000
3,66667	22,00000
3,66667	22,10000
3,69697	22,20000
3,69697	22,30000
3,72727	22,40000
3,72727	22,50000
3,75758	22,60000
3,75758	22,70000
3,78788	22,80000
3,81818	22,90000
3,81818	23,00000
3,81818	23,10000
3,84848	23,20000
3,87879	23,30000
3,87879	23,40000
3,90909	23,50000
3,90909	23,60000
3,93939	23,70000
3,96970	23,80000
3,96970	23,90000
4,00000	24,00000
4,00000	24,10000
4,03030	24,20000
4,03030	24,30000
4,06061	24,40000
4,06061	24,50000
4,09091	24,60000
4,09091	24,70000
4,12121	24,80000
4,15152	24,90000
4,15152	25,00000
4,18182	25,10000
4,18182	25,20000
4,21212	25,30000
4,24242	25,40000
4,24242	25,50000
4,27273	25,60000
4,27273	25,70000
4,30303	25,80000
4,30303	25,90000
4,33333	26,00000
4,33333	26,10000
4,36364	26,20000
4,36364	26,30000
4,39394	26,40000
4,42424	26,50000
4,42424	26,60000
4,45455	26,70000
4,45455	26,80000
4,48485	26,90000
4,48485	27,00000
4,51515	27,10000
4,54545	27,20000
4,54545	27,30000
4,57576	27,40000
4,57576	27,50000
4,60606	27,60000
4,63636	27,70000
4,63636	27,80000
4,66667	27,90000
4,66667	28,00000
4,69697	28,10000
4,69697	28,20000
4,72727	28,30000
4,72727	28,40000
4,75758	28,50000
4,78788	28,60000
4,78788	28,70000
4,81818	28,80000
4,81818	28,90000
4,84848	29,00000
4,87879	29,10000
4,87879	29,20000
4,90909	29,30000
4,90909	29,40000
4,93939	29,50000
4,93939	29,60000
4,96970	29,70000
5,00000	29,80000
5,00000	29,90000
5,03030	30,00000
5,03030	30,10000
5,06061	30,20000
5,06061	30,30000
5,09091	30,40000
5,12121	30,50000
5,12121	30,60000
5,15152	30,70000
5,18182	30,80000
5,18182	30,90000
5,21212	31,00000
5,21212	31,10000
5,24242	31,20000
5,24242	31,30000
5,27273	31,40000
5,30303	31,50000
5,30303	31,60000
5,33333	31,70000
5,33333	31,80000
5,36364	31,90000
5,39394	32,00000
5,39394	32,10000
5,42424	32,20000
5,42424	32,30000
5,45455	32,40000
5,48485	32,50000
5,48485	32,60000
5,51515	32,70000
5,51515	32,80000
5,54545	32,90000
5,54545	33,00000
5,57576	33,10000
5,57576	33,20000
5,60606	33,30000
5,60606	33,40000
5,63636	33,50000
5,63636	33,60000
5,63636	33,70000
5,63636	33,80000
5,63636	33,90000
5,66667	34,00000
5,69697	34,10000
5,72727	34,20000
5,75758	34,30000
5,78788	34,40000
5,78788	34,50000
5,81818	34,60000
5,81818	34,70000
5,84848	34,80000
5,87879	34,90000
5,87879	35,00000
5,90909	35,10000
5,93939	35,20000
5,93939	35,30000
5,96970	35,40000
6,00000	35,50000
6,00000	35,60000
6,03030	35,70000
6,03030	35,80000
6,06061	35,90000
6,06061	36,00000
6,09091	36,10000
6,12121	36,20000
6,12121	36,30000
6,15152	36,40000
6,15152	36,50000
6,18182	36,60000
6,21212	36,70000
6,21212	36,80000
6,24242	36,90000
6,27273	37,00000
6,27273	37,10000
6,30303	37,20000
6,30303	37,30000
6,33333	37,40000
6,33333	37,50000
6,36364	37,60000
6,36364	37,70000
6,39394	37,80000
6,42424	37,90000
6,42424	38,00000
6,45455	38,10000
6,48485	38,20000
6,48485	38,30000
6,51515	38,40000
6,51515	38,50000
6,54545	38,60000
6,54545	38,70000
6,57576	38,80000
6,60606	38,90000
6,63636	39,00000
6,63636	39,10000
6,66667	39,20000
6,69697	39,30000
6,69697	39,40000
6,72727	39,50000
6,75758	39,60000
6,75758	39,70000
6,78788	39,80000
6,81818	39,90000
6,81818	40,00000
6,84848	40,10000
6,87879	40,20000
6,87879	40,30000
6,90909	40,40000
6,90909	40,50000
6,93939	40,60000
6,96970	40,70000
7,00000	40,80000
7,00000	40,90000
7,02970	41,00000
7,02970	41,10000
7,05941	41,20000
7,08911	41,30000
7,08911	41,40000
7,11881	41,50000
7,14851	41,60000
7,14851	41,70000
7,17822	41,80000
7,17822	41,90000
7,20792	42,00000
7,23762	42,10000
7,26733	42,20000
7,26733	42,30000
7,29703	42,40000
7,32673	42,50000
7,32673	42,60000
7,35644	42,70000
7,38614	42,80000
7,38614	42,90000
7,41584	43,00000
7,44554	43,10000
7,44554	43,20000
7,47525	43,30000
7,50495	43,40000
7,50495	43,50000
7,53465	43,60000
7,53465	43,70000
7,56436	43,80000
7,59406	43,90000
7,62376	44,00000
7,62376	44,10000
7,65347	44,20000
7,68317	44,30000
7,68317	44,40000
7,71287	44,50000
7,71287	44,60000
7,74257	44,70000
7,77228	44,80000
7,80198	44,90000
7,80198	45,00000
7,83168	45,10000
7,86139	45,20000
7,89109	45,30000
7,89109	45,40000
7,92079	45,50000
7,95049	45,60000
7,95049	45,70000
7,98020	45,80000
8,00990	45,90000
8,00990	46,00000
8,03960	46,10000
8,06931	46,20000
8,09901	46,30000
8,09901	46,40000
8,12871	46,50000
8,15842	46,60000
8,15842	46,70000
8,18812	46,80000
8,21782	46,90000
8,24753	47,00000
8,24753	47,10000
8,27723	47,20000
8,30693	47,30000
8,30693	47,40000
8,33663	47,50000
8,36634	47,60000
8,36634	47,70000
8,39604	47,80000
8,42574	47,90000
8,45545	48,00000
8,45545	48,10000
8,48515	48,20000
8,48515	48,30000
8,51485	48,40000
8,54455	48,50000
8,57426	48,60000
8,57426	48,70000
8,60396	48,80000
8,63366	48,90000
8,63366	49,00000
8,66337	49,10000
8,66337	49,20000
8,69307	49,30000
8,72277	49,40000
8,75247	49,50000
8,78218	49,60000
8,78218	49,70000
8,81188	49,80000
8,84158	49,90000
8,84158	50,00000
8,87129	50,10000
8,90099	50,20000
8,90099	50,30000
8,93069	50,40000
8,96040	50,50000
8,96040	50,60000
8,99010	50,70000
9,01980	50,80000
9,04950	50,90000
9,04950	51,00000
9,07921	51,10000
9,10891	51,20000
9,10891	51,30000
9,13861	51,40000
9,16832	51,50000
9,19802	51,60000
9,22772	51,70000
9,22772	51,80000
9,25743	51,90000
9,25743	52,00000
9,28713	52,10000
9,31683	52,20000
9,34653	52,30000
9,34653	52,40000
9,37624	52,50000
9,40594	52,60000
9,40594	52,70000
9,43564	52,80000
9,46535	52,90000
9,46535	53,00000
9,49505	53,10000
9,52475	53,20000
9,52475	53,30000
9,55446	53,40000
9,58416	53,50000
9,61386	53,60000
9,61386	53,70000
9,64356	53,80000
9,67327	53,90000
9,70297	54,00000
9,73267	54,10000
9,73267	54,20000
9,76238	54,30000
9,79208	54,40000
9,82178	54,50000
9,82178	54,60000
9,85148	54,70000
9,85148	54,80000
9,88119	54,90000
9,91089	55,00000
9,94059	55,10000
9,94059	55,20000
9,97030	55,30000
10,00000	55,40000
10,03012	55,50000
10,06024	55,60000
10,06024	55,70000
10,09036	55,80000
10,12048	55,90000
10,15060	56,00000
10,15060	56,10000
10,18072	56,20000
10,21084	56,30000
10,21084	56,40000
10,24096	56,50000
10,27108	56,60000
10,30120	56,70000
10,30120	56,80000
10,33132	56,90000
10,36145	57,00000
10,39157	57,10000
10,39157	57,20000
10,42169	57,30000
10,45181	57,40000
10,48193	57,50000
10,48193	57,60000
10,51205	57,70000
10,54217	57,80000
10,57229	57,90000
10,60241	58,00000
10,63253	58,10000
10,66265	58,20000
10,66265	58,30000
10,69277	58,40000
10,72289	58,50000
10,75301	58,60000
10,78313	58,70000
10,78313	58,80000
10,81325	58,90000
10,84337	59,00000
10,87349	59,10000
10,90361	59,20000
10,93373	59,30000
10,96386	59,40000
10,99398	59,50000
11,02410	59,60000
11,02410	59,70000
11,05422	59,80000
11,08434	59,90000
11,11446	60,00000
11,14458	60,10000
11,17470	60,20000
11,20482	60,30000
11,20482	60,40000
11,23494	60,50000
11,26506	60,60000
11,29518	60,70000
11,32530	60,80000
11,35542	60,90000
11,38554	61,00000
11,41566	61,10000
11,44578	61,20000
11,47590	61,30000
11,47590	61,40000
11,50602	61,50000
11,53614	61,60000
11,56627	61,70000
11,59639	61,80000
11,62651	61,90000
11,65663	62,00000
11,68675	62,10000
11,71687	62,20000
11,74699	62,30000
11,74699	62,40000
11,80723	62,50000
11,80723	62,60000
11,83735	62,70000
11,86747	62,80000
11,89759	62,90000
11,92771	63,00000
11,92771	63,10000
11,95783	63,20000
11,98795	63,30000
12,01807	63,40000
12,04819	63,50000
12,07831	63,60000
12,10843	63,70000
12,13855	63,80000
12,16867	63,90000
12,19879	64,00000
12,19879	64,10000
12,25904	64,20000
12,25904	64,30000
12,28916	64,40000
12,31928	64,50000
12,34940	64,60000
12,37952	64,70000
12,40964	64,80000
12,43976	64,90000
12,46988	65,00000
12,50000	65,10000
12,50000	65,20000
12,53012	65,30000
12,56024	65,40000
12,59036	65,50000
12,62048	65,60000
12,65060	65,70000
12,68072	65,80000
12,71084	65,90000
12,74096	66,00000
12,77108	66,10000
12,77108	66,20000
12,80120	66,30000
12,83133	66,40000
12,86145	66,50000
12,89157	66,60000
12,92169	66,70000
12,95181	66,80000
12,98193	66,90000
13,01205	67,00000
13,04217	67,10000
13,07229	67,20000
13,07229	67,30000
13,10241	67,40000
13,13253	67,50000
13,16265	67,60000
13,19277	67,70000
13,22289	67,80000
13,25301	67,90000
13,28313	68,00000
13,31325	68,10000
13,34337	68,20000
13,37349	68,30000
13,40361	68,40000
13,43373	68,50000
13,46386	68,60000
13,49398	68,70000
13,52410	68,80000
13,55422	68,90000
13,58434	69,00000
13,61446	69,10000
13,64458	69,20000
13,67470	69,30000
13,70482	69,40000
13,73494	69,50000
13,76506	69,60000
13,79518	69,70000
13,82530	69,80000
13,85542	69,90000
13,88554	70,00000
13,91566	70,10000
13,94578	70,20000
13,97590	70,30000
14,00602	70,40000
14,03614	70,50000
14,06627	70,60000
14,09639	70,70000
14,12651	70,80000
14,15663	70,90000
14,18675	71,00000
14,21687	71,10000
14,24699	71,20000
14,27711	71,30000
14,30723	71,40000
14,36747	71,50000
14,36747	71,60000
14,42771	71,70000
14,45783	71,80000
14,45783	71,90000
14,51807	72,00000
14,51807	72,10000
14,54819	72,20000
14,60843	72,30000
14,63855	72,40000
14,66867	72,50000
14,69879	72,60000
14,72892	72,70000
14,75904	72,80000
14,78916	72,90000
14,81928	73,00000
14,84940	73,10000
14,87952	73,20000
14,90964	73,30000
14,96988	73,40000
14,96988	73,50000
15,03012	73,60000
15,06024	73,70000
15,09036	73,80000
15,12048	73,90000
15,15060	74,00000
15,18072	74,10000
15,21084	74,20000
15,24096	74,30000
15,27108	74,40000
15,30120	74,50000
15,33133	74,60000
15,36145	74,70000
15,39157	74,80000
15,42169	74,90000
15,45181	75,00000
15,48193	75,10000
15,51205	75,20000
15,54217	75,30000
15,57229	75,40000
15,60241	75,50000
15,63253	75,60000
15,66265	75,70000
15,69277	75,80000
15,72289	75,90000
15,75301	76,00000
15,78313	76,10000
15,81325	76,20000
15,84337	76,30000
15,87349	76,40000
15,87349	76,50000
15,84337	76,60000
15,66265	76,70000
15,63253	76,80000
15,66265	76,90000
15,33133	77,00000
13,58434	77,10000
12,53012	77,20000
12,01807	77,30000
11,95783	77,40000
