HBM_CATMAN12_DATAFILE
22/03/10
09:03
CHANNELS: 2
SEPARATOR: 9
MAXLINES: 761

Cel 500Kg	T(Cel 500Kg)
kgf	s
5	5

0,03030	0,00000
0,03030	0,10000
0,03030	0,20000
0,03030	0,30000
0,03030	0,40000
0,03030	0,50000
0,03030	0,60000
0,03030	0,70000
0,03030	0,80000
0,03030	0,90000
0,03030	1,00000
0,03030	1,10000
0,03030	1,20000
0,03030	1,30000
0,03030	1,40000
0,03030	1,50000
0,03030	1,60000
0,03030	1,70000
0,03030	1,80000
0,03030	1,90000
0,03030	2,00000
0,03030	2,10000
0,03030	2,20000
0,03030	2,30000
0,03030	2,40000
0,03030	2,50000
0,03030	2,60000
0,03030	2,70000
0,03030	2,80000
0,03030	2,90000
0,03030	3,00000
0,03030	3,10000
0,03030	3,20000
0,03030	3,30000
0,03030	3,40000
0,03030	3,50000
0,03030	3,60000
0,03030	3,70000
0,03030	3,80000
0,03030	3,90000
0,03030	4,00000
0,03030	4,10000
0,03030	4,20000
0,06061	4,30000
0,06061	4,40000
0,06061	4,50000
0,06061	4,60000
0,06061	4,70000
0,09091	4,80000
0,09091	4,90000
0,09091	5,00000
0,09091	5,10000
0,12121	5,20000
0,12121	5,30000
0,12121	5,40000
0,12121	5,50000
0,15152	5,60000
0,15152	5,70000
0,18182	5,80000
0,18182	5,90000
0,18182	6,00000
0,21212	6,10000
0,21212	6,20000
0,21212	6,30000
0,24242	6,40000
0,24242	6,50000
0,27273	6,60000
0,27273	6,70000
0,30303	6,80000
0,30303	6,90000
0,30303	7,00000
0,33333	7,10000
0,33333	7,20000
0,36364	7,30000
0,36364	7,40000
0,39394	7,50000
0,39394	7,60000
0,39394	7,70000
0,42424	7,80000
0,42424	7,90000
0,45455	8,00000
0,45455	8,10000
0,48485	8,20000
0,48485	8,30000
0,51515	8,40000
0,51515	8,50000
0,54545	8,60000
0,54545	8,70000
0,57576	8,80000
0,57576	8,90000
0,60606	9,00000
0,60606	9,10000
0,63636	9,20000
0,63636	9,30000
0,66667	9,40000
0,66667	9,50000
0,69697	9,60000
0,69697	9,70000
0,72727	9,80000
0,75758	9,90000
0,75758	10,00000
0,78788	10,10000
0,78788	10,20000
0,81818	10,30000
0,81818	10,40000
0,84848	10,50000
0,87879	10,60000
0,87879	10,70000
0,90909	10,80000
0,90909	10,90000
0,93939	11,00000
0,93939	11,10000
0,96970	11,20000
1,00000	11,30000
1,00000	11,40000
1,03030	11,50000
1,03030	11,60000
1,06061	11,70000
1,09091	11,80000
1,09091	11,90000
1,12121	12,00000
1,15152	12,10000
1,15152	12,20000
1,18182	12,30000
1,18182	12,40000
1,21212	12,50000
1,24242	12,60000
1,24242	12,70000
1,27273	12,80000
1,30303	12,90000
1,30303	13,00000
1,33333	13,10000
1,36364	13,20000
1,36364	13,30000
1,39394	13,40000
1,42424	13,50000
1,42424	13,60000
1,45455	13,70000
1,45455	13,80000
1,48485	13,90000
1,51515	14,00000
1,54545	14,10000
1,54545	14,20000
1,57576	14,30000
1,57576	14,40000
1,54545	14,50000
1,57576	14,60000
1,60606	14,70000
1,60606	14,80000
1,66667	14,90000
1,66667	15,00000
1,69697	15,10000
1,69697	15,20000
1,72727	15,30000
1,75758	15,40000
1,78788	15,50000
1,78788	15,60000
1,81818	15,70000
1,81818	15,80000
1,84848	15,90000
1,87879	16,00000
1,87879	16,10000
1,90909	16,20000
1,93939	16,30000
1,93939	16,40000
1,96970	16,50000
1,96970	16,60000
2,00000	16,70000
2,03030	16,80000
2,03030	16,90000
2,06061	17,00000
2,09091	17,10000
2,09091	17,20000
2,12121	17,30000
2,12121	17,40000
2,15152	17,50000
2,18182	17,60000
2,18182	17,70000
2,21212	17,80000
2,21212	17,90000
2,24242	18,00000
2,27273	18,10000
2,27273	18,20000
2,30303	18,30000
2,33333	18,40000
2,33333	18,50000
2,36364	18,60000
2,39394	18,70000
2,39394	18,80000
2,42424	18,90000
2,45455	19,00000
2,45455	19,10000
2,48485	19,20000
2,48485	19,30000
2,51515	19,40000
2,51515	19,50000
2,54545	19,60000
2,57576	19,70000
2,57576	19,80000
2,60606	19,90000
2,60606	20,00000
2,63636	20,10000
2,63636	20,20000
2,66667	20,30000
2,69697	20,40000
2,69697	20,50000
2,72727	20,60000
2,72727	20,70000
2,75758	20,80000
2,75758	20,90000
2,78788	21,00000
2,81818	21,10000
2,81818	21,20000
2,84848	21,30000
2,84848	21,40000
2,87879	21,50000
2,87879	21,60000
2,90909	21,70000
2,90909	21,80000
2,93939	21,90000
2,96970	22,00000
2,96970	22,10000
3,00000	22,20000
3,00000	22,30000
3,03030	22,40000
3,03030	22,50000
3,06061	22,60000
3,09091	22,70000
3,09091	22,80000
3,12121	22,90000
3,12121	23,00000
3,15152	23,10000
3,15152	23,20000
3,18182	23,30000
3,21212	23,40000
3,21212	23,50000
3,21212	23,60000
3,24242	23,70000
3,27273	23,80000
3,27273	23,90000
3,30303	24,00000
3,30303	24,10000
3,33333	24,20000
3,33333	24,30000
3,36364	24,40000
3,39394	24,50000
3,39394	24,60000
3,42424	24,70000
3,42424	24,80000
3,45455	24,90000
3,48485	25,00000
3,48485	25,10000
3,48485	25,20000
3,51515	25,30000
3,51515	25,40000
3,54545	25,50000
3,57576	25,60000
3,57576	25,70000
3,57576	25,80000
3,60606	25,90000
3,63636	26,00000
3,66667	26,10000
3,66667	26,20000
3,66667	26,30000
3,69697	26,40000
3,72727	26,50000
3,72727	26,60000
3,75758	26,70000
3,75758	26,80000
3,78788	26,90000
3,81818	27,00000
3,81818	27,10000
3,84848	27,20000
3,84848	27,30000
3,87879	27,40000
3,87879	27,50000
3,90909	27,60000
3,93939	27,70000
3,93939	27,80000
3,96970	27,90000
3,96970	28,00000
4,00000	28,10000
4,03030	28,20000
4,03030	28,30000
4,06061	28,40000
4,06061	28,50000
4,09091	28,60000
4,12121	28,70000
4,12121	28,80000
4,15152	28,90000
4,15152	29,00000
4,18182	29,10000
4,18182	29,20000
4,21212	29,30000
4,24242	29,40000
4,24242	29,50000
4,27273	29,60000
4,27273	29,70000
4,30303	29,80000
4,33333	29,90000
4,33333	30,00000
4,36364	30,10000
4,36364	30,20000
4,39394	30,30000
4,42424	30,40000
4,42424	30,50000
4,45455	30,60000
4,45455	30,70000
4,48485	30,80000
4,51515	30,90000
4,51515	31,00000
4,54545	31,10000
4,54545	31,20000
4,57576	31,30000
4,60606	31,40000
4,60606	31,50000
4,63636	31,60000
4,63636	31,70000
4,66667	31,80000
4,69697	31,90000
4,69697	32,00000
4,72727	32,10000
4,75758	32,20000
4,75758	32,30000
4,78788	32,40000
4,78788	32,50000
4,81818	32,60000
4,84848	32,70000
4,84848	32,80000
4,87879	32,90000
4,87879	33,00000
4,90909	33,10000
4,93939	33,20000
4,93939	33,30000
4,96970	33,40000
4,96970	33,50000
5,00000	33,60000
5,03030	33,70000
5,06061	33,80000
5,06061	33,90000
5,09091	34,00000
5,12121	34,10000
5,12121	34,20000
5,15152	34,30000
5,15152	34,40000
5,18182	34,50000
5,18182	34,60000
5,21212	34,70000
5,24242	34,80000
5,24242	34,90000
5,27273	35,00000
5,30303	35,10000
5,30303	35,20000
5,33333	35,30000
5,33333	35,40000
5,36364	35,50000
5,39394	35,60000
5,39394	35,70000
5,42424	35,80000
5,45455	35,90000
5,45455	36,00000
5,48485	36,10000
5,48485	36,20000
5,51515	36,30000
5,54545	36,40000
5,54545	36,50000
5,57576	36,60000
5,57576	36,70000
5,60606	36,80000
5,60606	36,90000
5,60606	37,00000
5,60606	37,10000
5,63636	37,20000
5,63636	37,30000
5,66667	37,40000
5,69697	37,50000
5,72727	37,60000
5,75758	37,70000
5,78788	37,80000
5,78788	37,90000
5,81818	38,00000
5,84848	38,10000
5,87879	38,20000
5,87879	38,30000
5,90909	38,40000
5,90909	38,50000
5,93939	38,60000
5,96970	38,70000
5,96970	38,80000
6,00000	38,90000
6,00000	39,00000
6,03030	39,10000
6,06061	39,20000
6,09091	39,30000
6,09091	39,40000
6,12121	39,50000
6,15152	39,60000
6,15152	39,70000
6,18182	39,80000
6,18182	39,90000
6,21212	40,00000
6,24242	40,10000
6,24242	40,20000
6,27273	40,30000
6,30303	40,40000
6,30303	40,50000
6,33333	40,60000
6,36364	40,70000
6,36364	40,80000
6,39394	40,90000
6,42424	41,00000
6,42424	41,10000
6,45455	41,20000
6,48485	41,30000
6,48485	41,40000
6,51515	41,50000
6,54545	41,60000
6,54545	41,70000
6,57576	41,80000
6,60606	41,90000
6,63636	42,00000
6,63636	42,10000
6,66667	42,20000
6,69697	42,30000
6,69697	42,40000
6,72727	42,50000
6,75758	42,60000
6,75758	42,70000
6,78788	42,80000
6,81818	42,90000
6,81818	43,00000
6,84848	43,10000
6,87879	43,20000
6,90909	43,30000
6,90909	43,40000
6,93939	43,50000
6,96970	43,60000
6,96970	43,70000
7,00000	43,80000
7,02970	43,90000
7,02970	44,00000
7,05941	44,10000
7,08911	44,20000
7,11881	44,30000
7,11881	44,40000
7,14851	44,50000
7,17822	44,60000
7,17822	44,70000
7,20792	44,80000
7,23762	44,90000
7,23762	45,00000
7,26733	45,10000
7,29703	45,20000
7,32673	45,30000
7,32673	45,40000
7,35644	45,50000
7,38614	45,60000
7,38614	45,70000
7,41584	45,80000
7,44554	45,90000
7,44554	46,00000
7,47525	46,10000
7,50495	46,20000
7,50495	46,30000
7,53465	46,40000
7,56436	46,50000
7,59406	46,60000
7,59406	46,70000
7,62376	46,80000
7,65347	46,90000
7,68317	47,00000
7,68317	47,10000
7,71287	47,20000
7,74257	47,30000
7,74257	47,40000
7,77228	47,50000
7,80198	47,60000
7,83168	47,70000
7,86139	47,80000
7,86139	47,90000
7,89109	48,00000
7,92079	48,10000
7,92079	48,20000
7,95049	48,30000
7,98020	48,40000
8,00990	48,50000
8,03960	48,60000
8,06931	48,70000
8,06931	48,80000
8,09901	48,90000
8,12871	49,00000
8,12871	49,10000
8,15842	49,20000
8,18812	49,30000
8,21782	49,40000
8,24753	49,50000
8,24753	49,60000
8,27723	49,70000
8,30693	49,80000
8,30693	49,90000
8,33663	50,00000
8,36634	50,10000
8,39604	50,20000
8,39604	50,30000
8,42574	50,40000
8,45545	50,50000
8,48515	50,60000
8,48515	50,70000
8,51485	50,80000
8,54455	50,90000
8,57426	51,00000
8,57426	51,10000
8,60396	51,20000
8,63366	51,30000
8,66337	51,40000
8,69307	51,50000
8,69307	51,60000
8,72277	51,70000
8,75247	51,80000
8,75247	51,90000
8,78218	52,00000
8,81188	52,10000
8,84158	52,20000
8,84158	52,30000
8,87129	52,40000
8,90099	52,50000
8,93069	52,60000
8,93069	52,70000
8,96040	52,80000
8,99010	52,90000
9,01980	53,00000
9,04950	53,10000
9,04950	53,20000
9,07921	53,30000
9,10891	53,40000
9,13861	53,50000
9,13861	53,60000
9,16832	53,70000
9,19802	53,80000
9,22772	53,90000
9,22772	54,00000
9,25743	54,10000
9,28713	54,20000
9,31683	54,30000
9,31683	54,40000
9,34653	54,50000
9,37624	54,60000
9,40594	54,70000
9,40594	54,80000
9,43564	54,90000
9,46535	55,00000
9,49505	55,10000
9,52475	55,20000
9,55446	55,30000
9,55446	55,40000
9,58416	55,50000
9,61386	55,60000
9,64356	55,70000
9,64356	55,80000
9,67327	55,90000
9,70297	56,00000
9,73267	56,10000
9,76238	56,20000
9,76238	56,30000
9,79208	56,40000
9,82178	56,50000
9,85148	56,60000
9,88119	56,70000
9,88119	56,80000
9,91089	56,90000
9,94059	57,00000
9,97030	57,10000
10,00000	57,20000
10,00000	57,30000
10,03012	57,40000
10,06024	57,50000
10,09036	57,60000
10,09036	57,70000
10,12048	57,80000
10,15060	57,90000
10,18072	58,00000
10,21084	58,10000
10,21084	58,20000
10,24096	58,30000
10,27108	58,40000
10,30120	58,50000
10,33132	58,60000
10,33132	58,70000
10,36145	58,80000
10,39157	58,90000
10,42169	59,00000
10,45181	59,10000
10,45181	59,20000
10,48193	59,30000
10,51205	59,40000
10,54217	59,50000
10,57229	59,60000
10,60241	59,70000
10,63253	59,80000
10,66265	59,90000
10,69277	60,00000
10,72289	60,10000
10,72289	60,20000
10,75301	60,30000
10,78313	60,40000
10,81325	60,50000
10,84337	60,60000
10,87349	60,70000
10,90361	60,80000
10,93373	60,90000
10,96386	61,00000
10,99398	61,10000
11,02410	61,20000
11,05422	61,30000
11,08434	61,40000
11,08434	61,50000
11,11446	61,60000
11,17470	61,70000
11,20482	61,80000
11,20482	61,90000
11,23494	62,00000
11,26506	62,10000
11,29518	62,20000
11,32530	62,30000
11,35542	62,40000
11,38554	62,50000
11,41566	62,60000
11,44578	62,70000
11,47590	62,80000
11,50602	62,90000
11,50602	63,00000
11,53614	63,10000
11,59639	63,20000
11,62651	63,30000
11,62651	63,40000
11,65663	63,50000
11,71687	63,60000
11,74699	63,70000
11,74699	63,80000
11,77711	63,90000
11,80723	64,00000
11,83735	64,10000
11,86747	64,20000
11,92771	64,30000
11,92771	64,40000
11,98795	64,50000
11,98795	64,60000
12,04819	64,70000
12,04819	64,80000
12,07831	64,90000
12,10843	65,00000
12,13855	65,10000
12,16867	65,20000
12,19879	65,30000
12,22892	65,40000
12,25904	65,50000
12,31928	65,60000
12,31928	65,70000
12,34940	65,80000
12,37952	65,90000
12,40964	66,00000
12,43976	66,10000
12,46988	66,20000
12,50000	66,30000
12,53012	66,40000
12,56024	66,50000
12,59036	66,60000
12,62048	66,70000
12,65060	66,80000
12,68072	66,90000
12,71084	67,00000
12,74096	67,10000
12,77108	67,20000
12,80120	67,30000
12,83133	67,40000
12,86145	67,50000
12,89157	67,60000
12,92169	67,70000
12,95181	67,80000
12,98193	67,90000
13,01205	68,00000
13,04217	68,10000
13,07229	68,20000
13,10241	68,30000
13,13253	68,40000
13,16265	68,50000
13,19277	68,60000
13,22289	68,70000
13,25301	68,80000
13,28313	68,90000
13,31325	69,00000
13,34337	69,10000
13,37349	69,20000
13,40361	69,30000
13,43373	69,40000
13,46386	69,50000
13,49398	69,60000
13,52410	69,70000
13,55422	69,80000
13,58434	69,90000
13,61446	70,00000
13,64458	70,10000
13,67470	70,20000
13,70482	70,30000
13,73494	70,40000
13,76506	70,50000
13,79518	70,60000
13,82530	70,70000
13,85542	70,80000
13,91566	70,90000
13,94578	71,00000
13,97590	71,10000
14,00602	71,20000
14,03614	71,30000
14,06627	71,40000
14,09639	71,50000
14,12651	71,60000
14,15663	71,70000
14,21687	71,80000
14,24699	71,90000
14,27711	72,00000
14,30723	72,10000
14,36747	72,20000
14,39759	72,30000
14,42771	72,40000
14,45783	72,50000
14,48795	72,60000
14,51807	72,70000
14,54819	72,80000
14,57831	72,90000
14,63855	73,00000
14,66867	73,10000
14,69879	73,20000
14,72892	73,30000
14,75904	73,40000
14,78916	73,50000
14,81928	73,60000
14,84940	73,70000
14,87952	73,80000
14,90964	73,90000
14,96988	74,00000
15,00000	74,10000
15,03012	74,20000
15,06024	74,30000
15,09036	74,40000
15,12048	74,50000
15,18072	74,60000
15,21084	74,70000
15,24096	74,80000
15,27108	74,90000
15,30120	75,00000
15,36145	75,10000
15,39157	75,20000
14,75904	75,30000
12,77108	75,40000
12,56024	75,50000
12,56024	75,60000
12,59036	75,70000
12,62048	75,80000
12,65060	75,90000
12,68072	76,00000
