HBM_CATMAN12_DATAFILE
22/03/10
09:14
CHANNELS: 2
SEPARATOR: 9
MAXLINES: 872

Cel 500Kg	T(Cel 500Kg)
kgf	s
5	5

0,03030	0,00000
0,03030	0,10000
0,03030	0,20000
0,00000	0,30000
0,03030	0,40000
0,03030	0,50000
0,03030	0,60000
0,03030	0,70000
0,03030	0,80000
0,03030	0,90000
0,03030	1,00000
0,03030	1,10000
0,03030	1,20000
0,03030	1,30000
0,03030	1,40000
0,03030	1,50000
0,03030	1,60000
0,03030	1,70000
0,03030	1,80000
0,03030	1,90000
0,00000	2,00000
0,00000	2,10000
0,00000	2,20000
0,00000	2,30000
0,00000	2,40000
0,03030	2,50000
0,03030	2,60000
0,03030	2,70000
0,03030	2,80000
0,00000	2,90000
0,03030	3,00000
0,03030	3,10000
0,03030	3,20000
0,03030	3,30000
0,03030	3,40000
0,03030	3,50000
0,03030	3,60000
0,03030	3,70000
0,03030	3,80000
0,03030	3,90000
0,03030	4,00000
0,03030	4,10000
0,03030	4,20000
0,03030	4,30000
0,03030	4,40000
0,03030	4,50000
0,03030	4,60000
0,03030	4,70000
0,06061	4,80000
0,03030	4,90000
0,03030	5,00000
0,03030	5,10000
0,03030	5,20000
0,06061	5,30000
0,06061	5,40000
0,06061	5,50000
0,06061	5,60000
0,06061	5,70000
0,06061	5,80000
0,06061	5,90000
0,06061	6,00000
0,06061	6,10000
0,06061	6,20000
0,06061	6,30000
0,09091	6,40000
0,09091	6,50000
0,09091	6,60000
0,09091	6,70000
0,09091	6,80000
0,09091	6,90000
0,09091	7,00000
0,09091	7,10000
0,09091	7,20000
0,12121	7,30000
0,12121	7,40000
0,12121	7,50000
0,12121	7,60000
0,12121	7,70000
0,12121	7,80000
0,12121	7,90000
0,12121	8,00000
0,15152	8,10000
0,15152	8,20000
0,15152	8,30000
0,15152	8,40000
0,15152	8,50000
0,15152	8,60000
0,15152	8,70000
0,18182	8,80000
0,18182	8,90000
0,18182	9,00000
0,18182	9,10000
0,18182	9,20000
0,18182	9,30000
0,18182	9,40000
0,21212	9,50000
0,21212	9,60000
0,21212	9,70000
0,21212	9,80000
0,21212	9,90000
0,21212	10,00000
0,21212	10,10000
0,21212	10,20000
0,24242	10,30000
0,24242	10,40000
0,24242	10,50000
0,24242	10,60000
0,24242	10,70000
0,24242	10,80000
0,27273	10,90000
0,27273	11,00000
0,27273	11,10000
0,27273	11,20000
0,27273	11,30000
0,27273	11,40000
0,30303	11,50000
0,30303	11,60000
0,30303	11,70000
0,30303	11,80000
0,30303	11,90000
0,30303	12,00000
0,30303	12,10000
0,30303	12,20000
0,33333	12,30000
0,33333	12,40000
0,33333	12,50000
0,33333	12,60000
0,33333	12,70000
0,33333	12,80000
0,33333	12,90000
0,33333	13,00000
0,33333	13,10000
0,33333	13,20000
0,33333	13,30000
0,36364	13,40000
0,36364	13,50000
0,36364	13,60000
0,36364	13,70000
0,36364	13,80000
0,36364	13,90000
0,36364	14,00000
0,36364	14,10000
0,36364	14,20000
0,39394	14,30000
0,39394	14,40000
0,39394	14,50000
0,39394	14,60000
0,39394	14,70000
0,42424	14,80000
0,42424	14,90000
0,42424	15,00000
0,42424	15,10000
0,42424	15,20000
0,45455	15,30000
0,45455	15,40000
0,45455	15,50000
0,45455	15,60000
0,45455	15,70000
0,48485	15,80000
0,48485	15,90000
0,48485	16,00000
0,48485	16,10000
0,51515	16,20000
0,51515	16,30000
0,51515	16,40000
0,51515	16,50000
0,54545	16,60000
0,54545	16,70000
0,54545	16,80000
0,54545	16,90000
0,57576	17,00000
0,57576	17,10000
0,57576	17,20000
0,60606	17,30000
0,60606	17,40000
0,60606	17,50000
0,60606	17,60000
0,63636	17,70000
0,63636	17,80000
0,63636	17,90000
0,63636	18,00000
0,66667	18,10000
0,66667	18,20000
0,66667	18,30000
0,69697	18,40000
0,69697	18,50000
0,69697	18,60000
0,72727	18,70000
0,72727	18,80000
0,72727	18,90000
0,72727	19,00000
0,75758	19,10000
0,75758	19,20000
0,78788	19,30000
0,78788	19,40000
0,78788	19,50000
0,81818	19,60000
0,81818	19,70000
0,81818	19,80000
0,84848	19,90000
0,84848	20,00000
0,87879	20,10000
0,87879	20,20000
0,87879	20,30000
0,90909	20,40000
0,90909	20,50000
0,90909	20,60000
0,93939	20,70000
0,93939	20,80000
0,93939	20,90000
0,96970	21,00000
0,96970	21,10000
0,96970	21,20000
1,00000	21,30000
1,00000	21,40000
1,03030	21,50000
1,03030	21,60000
1,03030	21,70000
1,06061	21,80000
1,06061	21,90000
1,09091	22,00000
1,09091	22,10000
1,12121	22,20000
1,12121	22,30000
1,15152	22,40000
1,15152	22,50000
1,18182	22,60000
1,18182	22,70000
1,21212	22,80000
1,21212	22,90000
1,24242	23,00000
1,24242	23,10000
1,27273	23,20000
1,27273	23,30000
1,30303	23,40000
1,30303	23,50000
1,33333	23,60000
1,33333	23,70000
1,36364	23,80000
1,36364	23,90000
1,39394	24,00000
1,42424	24,10000
1,42424	24,20000
1,45455	24,30000
1,45455	24,40000
1,48485	24,50000
1,48485	24,60000
1,51515	24,70000
1,51515	24,80000
1,54545	24,90000
1,54545	25,00000
1,57576	25,10000
1,60606	25,20000
1,60606	25,30000
1,63636	25,40000
1,66667	25,50000
1,69697	25,60000
1,69697	25,70000
1,72727	25,80000
1,75758	25,90000
1,75758	26,00000
1,78788	26,10000
1,81818	26,20000
1,84848	26,30000
1,87879	26,40000
1,87879	26,50000
1,90909	26,60000
1,90909	26,70000
1,93939	26,80000
1,96970	26,90000
2,00000	27,00000
2,00000	27,10000
2,03030	27,20000
2,06061	27,30000
2,06061	27,40000
2,09091	27,50000
2,12121	27,60000
2,12121	27,70000
2,15152	27,80000
2,18182	27,90000
2,21212	28,00000
2,21212	28,10000
2,24242	28,20000
2,24242	28,30000
2,27273	28,40000
2,30303	28,50000
2,30303	28,60000
2,33333	28,70000
2,36364	28,80000
2,36364	28,90000
2,39394	29,00000
2,39394	29,10000
2,42424	29,20000
2,42424	29,30000
2,45455	29,40000
2,48485	29,50000
2,48485	29,60000
2,51515	29,70000
2,54545	29,80000
2,54545	29,90000
2,57576	30,00000
2,60606	30,10000
2,60606	30,20000
2,63636	30,30000
2,66667	30,40000
2,66667	30,50000
2,69697	30,60000
2,72727	30,70000
2,72727	30,80000
2,75758	30,90000
2,78788	31,00000
2,78788	31,10000
2,81818	31,20000
2,81818	31,30000
2,84848	31,40000
2,87879	31,50000
2,90909	31,60000
2,90909	31,70000
2,93939	31,80000
2,96970	31,90000
2,96970	32,00000
3,00000	32,10000
3,03030	32,20000
3,03030	32,30000
3,06061	32,40000
3,06061	32,50000
3,09091	32,60000
3,12121	32,70000
3,15152	32,80000
3,15152	32,90000
3,18182	33,00000
3,21212	33,10000
3,21212	33,20000
3,24242	33,30000
3,24242	33,40000
3,27273	33,50000
3,30303	33,60000
3,30303	33,70000
3,33333	33,80000
3,36364	33,90000
3,36364	34,00000
3,39394	34,10000
3,42424	34,20000
3,42424	34,30000
3,45455	34,40000
3,48485	34,50000
3,48485	34,60000
3,51515	34,70000
3,54545	34,80000
3,54545	34,90000
3,57576	35,00000
3,57576	35,10000
3,60606	35,20000
3,63636	35,30000
3,66667	35,40000
3,66667	35,50000
3,69697	35,60000
3,69697	35,70000
3,72727	35,80000
3,75758	35,90000
3,75758	36,00000
3,78788	36,10000
3,81818	36,20000
3,81818	36,30000
3,84848	36,40000
3,87879	36,50000
3,87879	36,60000
3,90909	36,70000
3,93939	36,80000
3,93939	36,90000
3,96970	37,00000
4,00000	37,10000
4,03030	37,20000
4,03030	37,30000
4,06061	37,40000
4,06061	37,50000
4,09091	37,60000
4,12121	37,70000
4,15152	37,80000
4,15152	37,90000
4,18182	38,00000
4,21212	38,10000
4,21212	38,20000
4,24242	38,30000
4,24242	38,40000
4,27273	38,50000
4,30303	38,60000
4,30303	38,70000
4,33333	38,80000
4,36364	38,90000
4,39394	39,00000
4,39394	39,10000
4,42424	39,20000
4,45455	39,30000
4,45455	39,40000
4,48485	39,50000
4,48485	39,60000
4,51515	39,70000
4,54545	39,80000
4,54545	39,90000
4,57576	40,00000
4,60606	40,10000
4,63636	40,20000
4,63636	40,30000
4,66667	40,40000
4,66667	40,50000
4,69697	40,60000
4,72727	40,70000
4,72727	40,80000
4,75758	40,90000
4,78788	41,00000
4,78788	41,10000
4,81818	41,20000
4,81818	41,30000
4,84848	41,40000
4,87879	41,50000
4,90909	41,60000
4,90909	41,70000
4,93939	41,80000
4,93939	41,90000
4,96970	42,00000
5,00000	42,10000
5,03030	42,20000
5,03030	42,30000
5,06061	42,40000
5,06061	42,50000
5,09091	42,60000
5,12121	42,70000
5,12121	42,80000
5,15152	42,90000
5,18182	43,00000
5,18182	43,10000
5,21212	43,20000
5,21212	43,30000
5,24242	43,40000
5,27273	43,50000
5,30303	43,60000
5,30303	43,70000
5,33333	43,80000
5,36364	43,90000
5,36364	44,00000
5,39394	44,10000
5,42424	44,20000
5,42424	44,30000
5,45455	44,40000
5,48485	44,50000
5,48485	44,60000
5,51515	44,70000
5,51515	44,80000
5,54545	44,90000
5,57576	45,00000
5,60606	45,10000
5,60606	45,20000
5,63636	45,30000
5,63636	45,40000
5,66667	45,50000
5,69697	45,60000
5,69697	45,70000
5,69697	45,80000
5,72727	45,90000
5,72727	46,00000
5,69697	46,10000
5,75758	46,20000
5,78788	46,30000
5,81818	46,40000
5,81818	46,50000
5,84848	46,60000
5,87879	46,70000
5,90909	46,80000
5,90909	46,90000
5,93939	47,00000
5,96970	47,10000
5,96970	47,20000
6,00000	47,30000
6,03030	47,40000
6,03030	47,50000
6,06061	47,60000
6,09091	47,70000
6,09091	47,80000
6,12121	47,90000
6,15152	48,00000
6,15152	48,10000
6,18182	48,20000
6,21212	48,30000
6,21212	48,40000
6,24242	48,50000
6,27273	48,60000
6,27273	48,70000
6,30303	48,80000
6,33333	48,90000
6,33333	49,00000
6,36364	49,10000
6,39394	49,20000
6,39394	49,30000
6,42424	49,40000
6,45455	49,50000
6,45455	49,60000
6,48485	49,70000
6,51515	49,80000
6,51515	49,90000
6,54545	50,00000
6,57576	50,10000
6,57576	50,20000
6,60606	50,30000
6,60606	50,40000
6,63636	50,50000
6,66667	50,60000
6,69697	50,70000
6,69697	50,80000
6,72727	50,90000
6,72727	51,00000
6,75758	51,10000
6,78788	51,20000
6,81818	51,30000
6,81818	51,40000
6,84848	51,50000
6,87879	51,60000
6,90909	51,70000
6,90909	51,80000
6,93939	51,90000
6,93939	52,00000
6,96970	52,10000
7,00000	52,20000
7,02970	52,30000
7,02970	52,40000
7,05941	52,50000
7,08911	52,60000
7,11881	52,70000
7,11881	52,80000
7,14851	52,90000
7,17822	53,00000
7,17822	53,10000
7,20792	53,20000
7,23762	53,30000
7,23762	53,40000
7,26733	53,50000
7,29703	53,60000
7,32673	53,70000
7,32673	53,80000
7,35644	53,90000
7,38614	54,00000
7,41584	54,10000
7,41584	54,20000
7,44554	54,30000
7,47525	54,40000
7,50495	54,50000
7,50495	54,60000
7,53465	54,70000
7,56436	54,80000
7,56436	54,90000
7,59406	55,00000
7,62376	55,10000
7,62376	55,20000
7,65347	55,30000
7,68317	55,40000
7,68317	55,50000
7,71287	55,60000
7,74257	55,70000
7,77228	55,80000
7,77228	55,90000
7,80198	56,00000
7,83168	56,10000
7,86139	56,20000
7,86139	56,30000
7,89109	56,40000
7,92079	56,50000
7,95049	56,60000
7,95049	56,70000
7,98020	56,80000
8,00990	56,90000
8,03960	57,00000
8,03960	57,10000
8,06931	57,20000
8,09901	57,30000
8,12871	57,40000
8,12871	57,50000
8,15842	57,60000
8,18812	57,70000
8,21782	57,80000
8,21782	57,90000
8,24753	58,00000
8,27723	58,10000
8,30693	58,20000
8,30693	58,30000
8,33663	58,40000
8,36634	58,50000
8,39604	58,60000
8,39604	58,70000
8,42574	58,80000
8,45545	58,90000
8,48515	59,00000
8,48515	59,10000
8,51485	59,20000
8,54455	59,30000
8,54455	59,40000
8,57426	59,50000
8,60396	59,60000
8,63366	59,70000
8,66337	59,80000
8,66337	59,90000
8,69307	60,00000
8,72277	60,10000
8,75247	60,20000
8,75247	60,30000
8,78218	60,40000
8,81188	60,50000
8,84158	60,60000
8,87129	60,70000
8,87129	60,80000
8,90099	60,90000
8,93069	61,00000
8,96040	61,10000
8,96040	61,20000
8,99010	61,30000
9,01980	61,40000
9,04950	61,50000
9,04950	61,60000
9,07921	61,70000
9,10891	61,80000
9,13861	61,90000
9,13861	62,00000
9,16832	62,10000
9,19802	62,20000
9,19802	62,30000
9,22772	62,40000
9,25743	62,50000
9,28713	62,60000
9,28713	62,70000
9,31683	62,80000
9,34653	62,90000
9,37624	63,00000
9,37624	63,10000
9,40594	63,20000
9,43564	63,30000
9,46535	63,40000
9,46535	63,50000
9,49505	63,60000
9,52475	63,70000
9,55446	63,80000
9,58416	63,90000
9,61386	64,00000
9,61386	64,10000
9,64356	64,20000
9,67327	64,30000
9,67327	64,40000
9,70297	64,50000
9,73267	64,60000
9,76238	64,70000
9,79208	64,80000
9,79208	64,90000
9,82178	65,00000
9,85148	65,10000
9,88119	65,20000
9,88119	65,30000
9,91089	65,40000
9,94059	65,50000
9,97030	65,60000
10,00000	65,70000
10,00000	65,80000
10,03012	65,90000
10,06024	66,00000
10,09036	66,10000
10,09036	66,20000
10,12048	66,30000
10,15060	66,40000
10,18072	66,50000
10,21084	66,60000
10,21084	66,70000
10,24096	66,80000
10,27108	66,90000
10,30120	67,00000
10,30120	67,10000
10,33132	67,20000
10,36145	67,30000
10,39157	67,40000
10,39157	67,50000
10,42169	67,60000
10,45181	67,70000
10,48193	67,80000
10,51205	67,90000
10,51205	68,00000
10,54217	68,10000
10,57229	68,20000
10,60241	68,30000
10,63253	68,40000
10,63253	68,50000
10,66265	68,60000
10,69277	68,70000
10,72289	68,80000
10,75301	68,90000
10,78313	69,00000
10,78313	69,10000
10,81325	69,20000
10,84337	69,30000
10,87349	69,40000
10,87349	69,50000
10,90361	69,60000
10,93373	69,70000
10,96386	69,80000
10,96386	69,90000
10,99398	70,00000
11,02410	70,10000
11,05422	70,20000
11,08434	70,30000
11,11446	70,40000
11,11446	70,50000
11,14458	70,60000
11,20482	70,70000
11,20482	70,80000
11,23494	70,90000
11,26506	71,00000
11,29518	71,10000
11,32530	71,20000
11,35542	71,30000
11,38554	71,40000
11,41566	71,50000
11,44578	71,60000
11,44578	71,70000
11,47590	71,80000
11,50602	71,90000
11,53614	72,00000
11,56627	72,10000
11,59639	72,20000
11,62651	72,30000
11,65663	72,40000
11,68675	72,50000
11,71687	72,60000
11,74699	72,70000
11,77711	72,80000
11,80723	72,90000
11,83735	73,00000
11,86747	73,10000
11,89759	73,20000
11,89759	73,30000
11,95783	73,40000
11,98795	73,50000
11,98795	73,60000
12,01807	73,70000
12,04819	73,80000
12,07831	73,90000
12,10843	74,00000
12,13855	74,10000
12,16867	74,20000
12,19879	74,30000
12,22892	74,40000
12,25904	74,50000
12,28916	74,60000
12,31928	74,70000
12,34940	74,80000
12,37952	74,90000
12,37952	75,00000
12,40964	75,10000
12,43976	75,20000
12,46988	75,30000
12,50000	75,40000
12,53012	75,50000
12,56024	75,60000
12,59036	75,70000
12,62048	75,80000
12,65060	75,90000
12,68072	76,00000
12,68072	76,10000
12,71084	76,20000
12,74096	76,30000
12,77108	76,40000
12,80120	76,50000
12,83133	76,60000
12,86145	76,70000
12,89157	76,80000
12,92169	76,90000
12,95181	77,00000
12,98193	77,10000
13,01205	77,20000
13,04217	77,30000
13,07229	77,40000
13,10241	77,50000
13,13253	77,60000
13,16265	77,70000
13,19277	77,80000
13,19277	77,90000
13,22289	78,00000
13,25301	78,10000
13,31325	78,20000
13,34337	78,30000
13,37349	78,40000
13,40361	78,50000
13,40361	78,60000
13,43373	78,70000
13,46386	78,80000
13,49398	78,90000
13,52410	79,00000
13,55422	79,10000
13,58434	79,20000
13,64458	79,30000
13,64458	79,40000
13,67470	79,50000
13,70482	79,60000
13,73494	79,70000
13,76506	79,80000
13,79518	79,90000
13,82530	80,00000
13,85542	80,10000
13,88554	80,20000
13,91566	80,30000
13,94578	80,40000
13,97590	80,50000
13,97590	80,60000
14,00602	80,70000
14,06627	80,80000
14,09639	80,90000
14,12651	81,00000
14,15663	81,10000
14,18675	81,20000
14,21687	81,30000
14,24699	81,40000
14,27711	81,50000
14,30723	81,60000
14,33735	81,70000
14,36747	81,80000
14,42771	81,90000
14,42771	82,00000
14,45783	82,10000
14,51807	82,20000
14,54819	82,30000
14,57831	82,40000
14,60843	82,50000
14,63855	82,60000
14,66867	82,70000
14,69879	82,80000
14,72892	82,90000
14,75904	83,00000
14,78916	83,10000
14,84940	83,20000
14,87952	83,30000
14,87952	83,40000
14,90964	83,50000
14,93976	83,60000
14,96988	83,70000
15,00000	83,80000
15,03012	83,90000
15,06024	84,00000
15,09036	84,10000
15,12048	84,20000
15,18072	84,30000
15,21084	84,40000
15,21084	84,50000
15,24096	84,60000
15,27108	84,70000
15,30120	84,80000
15,33133	84,90000
15,39157	85,00000
15,42169	85,10000
15,45181	85,20000
15,48193	85,30000
15,51205	85,40000
15,54217	85,50000
15,57229	85,60000
15,60241	85,70000
15,63253	85,80000
15,66265	85,90000
15,69277	86,00000
15,66265	86,10000
15,42169	86,20000
15,42169	86,30000
15,45181	86,40000
15,42169	86,50000
15,39157	86,60000
15,42169	86,70000
14,57831	86,80000
14,06627	86,90000
14,06627	87,00000
14,09639	87,10000
