HBM_CATMAN12_DATAFILE
22/03/10
09:21
CHANNELS: 2
SEPARATOR: 9
MAXLINES: 843

Cel 500Kg	T(Cel 500Kg)
kgf	s
5	5

0,03030	0,00000
0,03030	0,10000
0,03030	0,20000
0,03030	0,30000
0,03030	0,40000
-992,96973	0,50000
0,03030	0,60000
0,03030	0,70000
0,03030	0,80000
0,03030	0,90000
0,03030	1,00000
0,03030	1,10000
0,03030	1,20000
0,03030	1,30000
0,03030	1,40000
0,00000	1,50000
0,03030	1,60000
0,00000	1,70000
0,00000	1,80000
0,00000	1,90000
0,00000	2,00000
0,03030	2,10000
0,03030	2,20000
0,03030	2,30000
0,03030	2,40000
0,00000	2,50000
0,00000	2,60000
0,00000	2,70000
0,00000	2,80000
0,00000	2,90000
0,00000	3,00000
0,00000	3,10000
0,03030	3,20000
0,03030	3,30000
0,03030	3,40000
0,03030	3,50000
0,00000	3,60000
0,00000	3,70000
0,00000	3,80000
0,00000	3,90000
0,00000	4,00000
0,03030	4,10000
0,03030	4,20000
0,00000	4,30000
0,00000	4,40000
0,00000	4,50000
0,03030	4,60000
0,03030	4,70000
0,03030	4,80000
0,03030	4,90000
0,00000	5,00000
0,00000	5,10000
0,03030	5,20000
0,03030	5,30000
0,03030	5,40000
0,03030	5,50000
0,00000	5,60000
0,03030	5,70000
0,03030	5,80000
0,03030	5,90000
0,03030	6,00000
0,00000	6,10000
0,00000	6,20000
0,03030	6,30000
0,03030	6,40000
0,03030	6,50000
0,03030	6,60000
0,03030	6,70000
0,03030	6,80000
0,03030	6,90000
0,03030	7,00000
0,03030	7,10000
0,03030	7,20000
0,03030	7,30000
0,03030	7,40000
0,03030	7,50000
0,03030	7,60000
0,03030	7,70000
0,03030	7,80000
0,03030	7,90000
0,03030	8,00000
0,03030	8,10000
0,03030	8,20000
0,03030	8,30000
0,03030	8,40000
0,06061	8,50000
0,03030	8,60000
0,03030	8,70000
0,03030	8,80000
0,06061	8,90000
0,03030	9,00000
0,06061	9,10000
0,06061	9,20000
0,06061	9,30000
0,06061	9,40000
0,06061	9,50000
0,06061	9,60000
0,06061	9,70000
0,06061	9,80000
0,06061	9,90000
0,06061	10,00000
0,06061	10,10000
0,06061	10,20000
0,06061	10,30000
0,06061	10,40000
0,06061	10,50000
0,06061	10,60000
0,06061	10,70000
0,06061	10,80000
0,06061	10,90000
0,06061	11,00000
0,06061	11,10000
0,06061	11,20000
0,06061	11,30000
0,09091	11,40000
0,09091	11,50000
0,09091	11,60000
0,09091	11,70000
0,09091	11,80000
0,09091	11,90000
0,09091	12,00000
0,09091	12,10000
0,09091	12,20000
0,09091	12,30000
0,09091	12,40000
0,09091	12,50000
0,09091	12,60000
0,09091	12,70000
0,09091	12,80000
0,09091	12,90000
0,09091	13,00000
0,12121	13,10000
0,12121	13,20000
0,12121	13,30000
0,12121	13,40000
0,12121	13,50000
0,12121	13,60000
0,12121	13,70000
0,12121	13,80000
0,12121	13,90000
0,12121	14,00000
0,12121	14,10000
0,12121	14,20000
0,12121	14,30000
0,12121	14,40000
0,12121	14,50000
0,15152	14,60000
0,15152	14,70000
0,15152	14,80000
0,15152	14,90000
0,15152	15,00000
0,15152	15,10000
0,15152	15,20000
0,15152	15,30000
0,15152	15,40000
0,15152	15,50000
0,15152	15,60000
0,15152	15,70000
0,15152	15,80000
0,15152	15,90000
0,15152	16,00000
0,15152	16,10000
0,15152	16,20000
0,18182	16,30000
0,18182	16,40000
0,18182	16,50000
0,18182	16,60000
0,18182	16,70000
0,18182	16,80000
0,21212	16,90000
0,21212	17,00000
0,21212	17,10000
0,21212	17,20000
0,21212	17,30000
0,21212	17,40000
0,21212	17,50000
0,21212	17,60000
0,21212	17,70000
0,21212	17,80000
0,24242	17,90000
0,24242	18,00000
0,24242	18,10000
0,24242	18,20000
0,27273	18,30000
0,27273	18,40000
0,27273	18,50000
0,27273	18,60000
0,27273	18,70000
0,27273	18,80000
0,27273	18,90000
0,27273	19,00000
0,30303	19,10000
0,30303	19,20000
0,30303	19,30000
0,30303	19,40000
0,33333	19,50000
0,33333	19,60000
0,33333	19,70000
0,33333	19,80000
0,33333	19,90000
0,36364	20,00000
0,36364	20,10000
0,36364	20,20000
0,36364	20,30000
0,36364	20,40000
0,39394	20,50000
0,39394	20,60000
0,39394	20,70000
0,39394	20,80000
0,39394	20,90000
0,42424	21,00000
0,42424	21,10000
0,42424	21,20000
0,45455	21,30000
0,45455	21,40000
0,45455	21,50000
0,45455	21,60000
0,48485	21,70000
0,48485	21,80000
0,48485	21,90000
0,48485	22,00000
0,51515	22,10000
0,51515	22,20000
0,54545	22,30000
0,54545	22,40000
0,54545	22,50000
0,57576	22,60000
0,57576	22,70000
0,57576	22,80000
0,60606	22,90000
0,60606	23,00000
0,60606	23,10000
0,63636	23,20000
0,63636	23,30000
0,66667	23,40000
0,66667	23,50000
0,69697	23,60000
0,69697	23,70000
0,72727	23,80000
0,72727	23,90000
0,72727	24,00000
0,72727	24,10000
0,75758	24,20000
0,75758	24,30000
0,78788	24,40000
0,81818	24,50000
0,81818	24,60000
0,81818	24,70000
0,84848	24,80000
0,84848	24,90000
0,87879	25,00000
0,90909	25,10000
0,90909	25,20000
0,90909	25,30000
0,93939	25,40000
0,93939	25,50000
0,96970	25,60000
1,00000	25,70000
1,00000	25,80000
1,00000	25,90000
1,03030	26,00000
1,03030	26,10000
1,06061	26,20000
1,06061	26,30000
1,09091	26,40000
1,09091	26,50000
1,12121	26,60000
1,12121	26,70000
1,15152	26,80000
1,18182	26,90000
1,18182	27,00000
1,21212	27,10000
1,21212	27,20000
1,24242	27,30000
1,24242	27,40000
1,24242	27,50000
1,27273	27,60000
1,27273	27,70000
1,27273	27,80000
1,30303	27,90000
1,30303	28,00000
1,33333	28,10000
1,33333	28,20000
1,36364	28,30000
1,36364	28,40000
1,36364	28,50000
1,39394	28,60000
1,39394	28,70000
1,42424	28,80000
1,42424	28,90000
1,42424	29,00000
1,42424	29,10000
1,45455	29,20000
1,45455	29,30000
1,45455	29,40000
1,48485	29,50000
1,48485	29,60000
1,48485	29,70000
1,51515	29,80000
1,51515	29,90000
1,54545	30,00000
1,54545	30,10000
1,57576	30,20000
1,57576	30,30000
1,60606	30,40000
1,60606	30,50000
1,63636	30,60000
1,66667	30,70000
1,66667	30,80000
1,69697	30,90000
1,72727	31,00000
1,72727	31,10000
1,75758	31,20000
1,78788	31,30000
1,78788	31,40000
1,81818	31,50000
1,84848	31,60000
1,84848	31,70000
1,87879	31,80000
1,87879	31,90000
1,90909	32,00000
1,93939	32,10000
1,93939	32,20000
1,96970	32,30000
2,00000	32,40000
2,03030	32,50000
2,03030	32,60000
2,06061	32,70000
2,06061	32,80000
2,09091	32,90000
2,12121	33,00000
2,12121	33,10000
2,15152	33,20000
2,18182	33,30000
2,18182	33,40000
2,21212	33,50000
2,24242	33,60000
2,24242	33,70000
2,27273	33,80000
2,30303	33,90000
2,30303	34,00000
2,33333	34,10000
2,36364	34,20000
2,36364	34,30000
2,39394	34,40000
2,42424	34,50000
2,42424	34,60000
2,45455	34,70000
2,48485	34,80000
2,48485	34,90000
2,51515	35,00000
2,54545	35,10000
2,57576	35,20000
2,57576	35,30000
2,60606	35,40000
2,63636	35,50000
2,63636	35,60000
2,66667	35,70000
2,69697	35,80000
2,72727	35,90000
2,72727	36,00000
2,75758	36,10000
2,78788	36,20000
2,78788	36,30000
2,81818	36,40000
2,84848	36,50000
2,84848	36,60000
2,87879	36,70000
2,90909	36,80000
2,90909	36,90000
2,93939	37,00000
2,96970	37,10000
2,96970	37,20000
3,00000	37,30000
3,03030	37,40000
3,03030	37,50000
3,06061	37,60000
3,09091	37,70000
3,09091	37,80000
3,12121	37,90000
3,15152	38,00000
3,15152	38,10000
3,18182	38,20000
3,21212	38,30000
3,21212	38,40000
3,24242	38,50000
3,27273	38,60000
3,30303	38,70000
3,30303	38,80000
3,33333	38,90000
3,36364	39,00000
3,36364	39,10000
3,39394	39,20000
3,42424	39,30000
3,45455	39,40000
3,45455	39,50000
3,48485	39,60000
3,51515	39,70000
3,54545	39,80000
3,54545	39,90000
3,57576	40,00000
3,57576	40,10000
3,60606	40,20000
3,63636	40,30000
3,66667	40,40000
3,66667	40,50000
3,69697	40,60000
3,72727	40,70000
3,75758	40,80000
3,75758	40,90000
3,78788	41,00000
3,81818	41,10000
3,81818	41,20000
3,84848	41,30000
3,87879	41,40000
3,90909	41,50000
3,90909	41,60000
3,93939	41,70000
3,96970	41,80000
4,00000	41,90000
4,00000	42,00000
4,03030	42,10000
4,06061	42,20000
4,09091	42,30000
4,09091	42,40000
4,12121	42,50000
4,15152	42,60000
4,15152	42,70000
4,18182	42,80000
4,21212	42,90000
4,24242	43,00000
4,27273	43,10000
4,27273	43,20000
4,33333	43,30000
4,33333	43,40000
4,36364	43,50000
4,39394	43,60000
4,42424	43,70000
4,45455	43,80000
4,48485	43,90000
4,48485	44,00000
4,51515	44,10000
4,54545	44,20000
4,54545	44,30000
4,57576	44,40000
4,60606	44,50000
4,63636	44,60000
4,66667	44,70000
4,66667	44,80000
4,72727	44,90000
4,75758	45,00000
4,75758	45,10000
4,78788	45,20000
4,81818	45,30000
4,84848	45,40000
4,84848	45,50000
4,87879	45,60000
4,90909	45,70000
4,93939	45,80000
4,96970	45,90000
4,96970	46,00000
5,00000	46,10000
5,03030	46,20000
5,06061	46,30000
5,09091	46,40000
5,09091	46,50000
5,12121	46,60000
5,15152	46,70000
5,18182	46,80000
5,21212	46,90000
5,24242	47,00000
5,27273	47,10000
5,30303	47,20000
5,33333	47,30000
5,33333	47,40000
5,36364	47,50000
5,39394	47,60000
5,42424	47,70000
5,42424	47,80000
5,45455	47,90000
5,48485	48,00000
5,51515	48,10000
5,54545	48,20000
5,57576	48,30000
5,57576	48,40000
5,60606	48,50000
5,63636	48,60000
5,63636	48,70000
5,66667	48,80000
5,69697	48,90000
5,72727	49,00000
5,72727	49,10000
5,75758	49,20000
5,75758	49,30000
5,75758	49,40000
5,78788	49,50000
5,81818	49,60000
5,84848	49,70000
5,87879	49,80000
5,90909	49,90000
5,93939	50,00000
5,96970	50,10000
6,00000	50,20000
6,03030	50,30000
6,06061	50,40000
6,06061	50,50000
6,09091	50,60000
6,12121	50,70000
6,15152	50,80000
6,18182	50,90000
6,21212	51,00000
6,24242	51,10000
6,27273	51,20000
6,30303	51,30000
6,33333	51,40000
6,36364	51,50000
6,39394	51,60000
6,39394	51,70000
6,42424	51,80000
6,45455	51,90000
6,48485	52,00000
6,51515	52,10000
6,54545	52,20000
6,57576	52,30000
6,60606	52,40000
6,63636	52,50000
6,63636	52,60000
6,69697	52,70000
6,69697	52,80000
6,75758	52,90000
6,75758	53,00000
6,78788	53,10000
6,81818	53,20000
6,84848	53,30000
6,84848	53,40000
6,87879	53,50000
6,90909	53,60000
6,93939	53,70000
6,96970	53,80000
7,00000	53,90000
7,02970	54,00000
7,05941	54,10000
7,08911	54,20000
7,11881	54,30000
7,14851	54,40000
7,17822	54,50000
7,20792	54,60000
7,23762	54,70000
7,23762	54,80000
7,26733	54,90000
7,29703	55,00000
7,32673	55,10000
7,35644	55,20000
7,38614	55,30000
7,41584	55,40000
7,44554	55,50000
7,47525	55,60000
7,50495	55,70000
7,53465	55,80000
7,56436	55,90000
7,59406	56,00000
7,62376	56,10000
7,62376	56,20000
7,65347	56,30000
7,68317	56,40000
7,71287	56,50000
7,74257	56,60000
7,77228	56,70000
7,80198	56,80000
7,83168	56,90000
7,86139	57,00000
7,89109	57,10000
7,92079	57,20000
7,95049	57,30000
7,98020	57,40000
8,00990	57,50000
8,03960	57,60000
8,06931	57,70000
8,09901	57,80000
8,12871	57,90000
8,15842	58,00000
8,18812	58,10000
8,21782	58,20000
8,24753	58,30000
8,30693	58,40000
8,33663	58,50000
8,36634	58,60000
8,39604	58,70000
8,42574	58,80000
8,45545	58,90000
8,48515	59,00000
8,51485	59,10000
8,57426	59,20000
8,60396	59,30000
8,63366	59,40000
8,66337	59,50000
8,69307	59,60000
8,72277	59,70000
8,75247	59,80000
8,78218	59,90000
8,81188	60,00000
8,84158	60,10000
8,87129	60,20000
8,90099	60,30000
8,93069	60,40000
8,96040	60,50000
8,99010	60,60000
9,01980	60,70000
9,04950	60,80000
9,07921	60,90000
9,10891	61,00000
9,13861	61,10000
9,16832	61,20000
9,19802	61,30000
9,22772	61,40000
9,25743	61,50000
9,31683	61,60000
9,31683	61,70000
9,34653	61,80000
9,40594	61,90000
9,43564	62,00000
9,46535	62,10000
9,49505	62,20000
9,52475	62,30000
9,55446	62,40000
9,58416	62,50000
9,61386	62,60000
9,64356	62,70000
9,67327	62,80000
9,73267	62,90000
9,76238	63,00000
9,79208	63,10000
9,82178	63,20000
9,85148	63,30000
9,88119	63,40000
9,91089	63,50000
9,94059	63,60000
9,97030	63,70000
10,03012	63,80000
10,06024	63,90000
10,09036	64,00000
10,12048	64,10000
10,15060	64,20000
10,18072	64,30000
10,21084	64,40000
10,27108	64,50000
10,27108	64,60000
10,33132	64,70000
10,36145	64,80000
10,39157	64,90000
10,42169	65,00000
10,45181	65,10000
10,48193	65,20000
10,54217	65,30000
10,57229	65,40000
10,60241	65,50000
10,63253	65,60000
10,69277	65,70000
10,72289	65,80000
10,75301	65,90000
10,78313	66,00000
10,81325	66,10000
10,84337	66,20000
10,87349	66,30000
10,90361	66,40000
10,96386	66,50000
10,99398	66,60000
11,02410	66,70000
11,05422	66,80000
11,08434	66,90000
11,11446	67,00000
11,14458	67,10000
11,20482	67,20000
11,23494	67,30000
11,26506	67,40000
11,29518	67,50000
11,35542	67,60000
11,35542	67,70000
11,38554	67,80000
11,44578	67,90000
11,47590	68,00000
11,50602	68,10000
11,56627	68,20000
11,59639	68,30000
11,62651	68,40000
11,65663	68,50000
11,68675	68,60000
11,74699	68,70000
11,77711	68,80000
11,80723	68,90000
11,83735	69,00000
11,86747	69,10000
11,89759	69,20000
11,92771	69,30000
11,98795	69,40000
12,01807	69,50000
12,04819	69,60000
12,07831	69,70000
12,10843	69,80000
12,13855	69,90000
12,16867	70,00000
12,19879	70,10000
12,22892	70,20000
12,28916	70,30000
12,31928	70,40000
12,34940	70,50000
12,37952	70,60000
12,40964	70,70000
12,43976	70,80000
12,46988	70,90000
12,50000	71,00000
12,56024	71,10000
12,59036	71,20000
12,62048	71,30000
12,68072	71,40000
12,71084	71,50000
12,74096	71,60000
12,77108	71,70000
12,80120	71,80000
12,86145	71,90000
12,89157	72,00000
12,92169	72,10000
12,95181	72,20000
13,01205	72,30000
13,04217	72,40000
13,07229	72,50000
13,10241	72,60000
13,13253	72,70000
13,19277	72,80000
13,22289	72,90000
13,25301	73,00000
13,28313	73,10000
13,31325	73,20000
13,37349	73,30000
13,40361	73,40000
13,43373	73,50000
13,46386	73,60000
13,52410	73,70000
13,55422	73,80000
13,58434	73,90000
13,64458	74,00000
13,67470	74,10000
13,70482	74,20000
13,76506	74,30000
13,79518	74,40000
13,82530	74,50000
13,85542	74,60000
13,88554	74,70000
13,91566	74,80000
13,94578	74,90000
14,00602	75,00000
14,03614	75,10000
14,09639	75,20000
14,12651	75,30000
14,15663	75,40000
14,18675	75,50000
14,24699	75,60000
14,27711	75,70000
14,30723	75,80000
14,36747	75,90000
14,39759	76,00000
14,42771	76,10000
14,48795	76,20000
14,51807	76,30000
14,57831	76,40000
14,60843	76,50000
14,63855	76,60000
14,69879	76,70000
14,75904	76,80000
14,78916	76,90000
14,84940	77,00000
14,87952	77,10000
14,93976	77,20000
14,96988	77,30000
15,00000	77,40000
15,06024	77,50000
15,12048	77,60000
15,15060	77,70000
15,21084	77,80000
15,24096	77,90000
15,27108	78,00000
15,33133	78,10000
15,36145	78,20000
15,42169	78,30000
15,45181	78,40000
15,51205	78,50000
15,54217	78,60000
15,60241	78,70000
15,63253	78,80000
15,69277	78,90000
15,72289	79,00000
15,78313	79,10000
15,81325	79,20000
15,87349	79,30000
15,90361	79,40000
15,96386	79,50000
15,99398	79,60000
16,05422	79,70000
16,08434	79,80000
16,14458	79,90000
16,17470	80,00000
16,23494	80,10000
16,26506	80,20000
16,29518	80,30000
16,35542	80,40000
16,41566	80,50000
16,47590	80,60000
16,50603	80,70000
16,53614	80,80000
16,59639	80,90000
16,65663	81,00000
16,68675	81,10000
16,71687	81,20000
16,74699	81,30000
16,80723	81,40000
16,86747	81,50000
16,92771	81,60000
16,95783	81,70000
17,01807	81,80000
17,04819	81,90000
17,10843	82,00000
17,13855	82,10000
17,19880	82,20000
17,22892	82,30000
17,28916	82,40000
17,34940	82,50000
17,40964	82,60000
17,43976	82,70000
17,46988	82,80000
17,53012	82,90000
17,59036	83,00000
17,62048	83,10000
17,59036	83,20000
15,99398	83,30000
15,69277	83,40000
15,69277	83,50000
15,75301	83,60000
15,81325	83,70000
15,87349	83,80000
15,93373	83,90000
15,99398	84,00000
16,02410	84,10000
16,08434	84,20000
