HBM_CATMAN12_DATAFILE
22/03/10
09:19
CHANNELS: 2
SEPARATOR: 9
MAXLINES: 659

Cel 500Kg	T(Cel 500Kg)
kgf	s
5	5

0,03030	0,00000
0,03030	0,10000
0,03030	0,20000
0,03030	0,30000
0,03030	0,40000
0,03030	0,50000
0,03030	0,60000
0,03030	0,70000
0,03030	0,80000
0,03030	0,90000
0,03030	1,00000
0,03030	1,10000
0,03030	1,20000
0,00000	1,30000
0,00000	1,40000
0,00000	1,50000
0,03030	1,60000
0,03030	1,70000
0,03030	1,80000
0,03030	1,90000
0,03030	2,00000
0,03030	2,10000
0,03030	2,20000
0,03030	2,30000
0,03030	2,40000
0,03030	2,50000
0,03030	2,60000
0,03030	2,70000
0,03030	2,80000
0,06061	2,90000
0,06061	3,00000
0,06061	3,10000
0,06061	3,20000
0,09091	3,30000
0,09091	3,40000
0,09091	3,50000
0,09091	3,60000
0,09091	3,70000
0,09091	3,80000
0,09091	3,90000
0,12121	4,00000
0,12121	4,10000
0,12121	4,20000
0,12121	4,30000
0,12121	4,40000
0,12121	4,50000
0,15152	4,60000
0,15152	4,70000
0,15152	4,80000
0,15152	4,90000
0,18182	5,00000
0,18182	5,10000
0,18182	5,20000
0,18182	5,30000
0,18182	5,40000
0,18182	5,50000
0,21212	5,60000
0,21212	5,70000
0,21212	5,80000
0,21212	5,90000
0,24242	6,00000
0,24242	6,10000
0,24242	6,20000
0,24242	6,30000
0,27273	6,40000
0,27273	6,50000
0,27273	6,60000
0,27273	6,70000
0,30303	6,80000
0,30303	6,90000
0,30303	7,00000
0,33333	7,10000
0,33333	7,20000
0,33333	7,30000
0,33333	7,40000
0,36364	7,50000
0,36364	7,60000
0,36364	7,70000
0,39394	7,80000
0,39394	7,90000
0,39394	8,00000
0,42424	8,10000
0,42424	8,20000
0,42424	8,30000
0,42424	8,40000
0,45455	8,50000
0,45455	8,60000
0,48485	8,70000
0,48485	8,80000
0,48485	8,90000
0,51515	9,00000
0,51515	9,10000
0,51515	9,20000
0,54545	9,30000
0,57576	9,40000
0,57576	9,50000
0,60606	9,60000
0,60606	9,70000
0,60606	9,80000
0,60606	9,90000
0,63636	10,00000
0,63636	10,10000
0,66667	10,20000
0,66667	10,30000
0,69697	10,40000
0,72727	10,50000
0,72727	10,60000
0,75758	10,70000
0,75758	10,80000
0,78788	10,90000
0,78788	11,00000
0,81818	11,10000
0,81818	11,20000
0,84848	11,30000
0,87879	11,40000
0,87879	11,50000
0,90909	11,60000
0,90909	11,70000
0,93939	11,80000
0,96970	11,90000
0,96970	12,00000
1,00000	12,10000
1,00000	12,20000
1,03030	12,30000
1,06061	12,40000
1,06061	12,50000
1,09091	12,60000
1,12121	12,70000
1,12121	12,80000
1,15152	12,90000
1,18182	13,00000
1,18182	13,10000
1,21212	13,20000
1,24242	13,30000
1,24242	13,40000
1,27273	13,50000
1,30303	13,60000
1,33333	13,70000
1,33333	13,80000
1,36364	13,90000
1,39394	14,00000
1,39394	14,10000
1,42424	14,20000
1,42424	14,30000
1,45455	14,40000
1,48485	14,50000
1,48485	14,60000
1,51515	14,70000
1,51515	14,80000
1,51515	14,90000
1,51515	15,00000
1,54545	15,10000
1,54545	15,20000
1,57576	15,30000
1,60606	15,40000
1,60606	15,50000
1,63636	15,60000
1,63636	15,70000
1,66667	15,80000
1,66667	15,90000
1,69697	16,00000
1,69697	16,10000
1,72727	16,20000
1,75758	16,30000
1,75758	16,40000
1,78788	16,50000
1,81818	16,60000
1,81818	16,70000
1,84848	16,80000
1,87879	16,90000
1,90909	17,00000
1,90909	17,10000
1,93939	17,20000
1,96970	17,30000
1,96970	17,40000
2,00000	17,50000
2,03030	17,60000
2,03030	17,70000
2,06061	17,80000
2,09091	17,90000
2,09091	18,00000
2,12121	18,10000
2,15152	18,20000
2,15152	18,30000
2,18182	18,40000
2,21212	18,50000
2,21212	18,60000
2,24242	18,70000
2,27273	18,80000
2,27273	18,90000
2,30303	19,00000
2,33333	19,10000
2,33333	19,20000
2,36364	19,30000
2,39394	19,40000
2,39394	19,50000
2,42424	19,60000
2,45455	19,70000
2,48485	19,80000
2,48485	19,90000
2,51515	20,00000
2,54545	20,10000
2,54545	20,20000
2,57576	20,30000
2,60606	20,40000
2,60606	20,50000
2,63636	20,60000
2,66667	20,70000
2,66667	20,80000
2,69697	20,90000
2,69697	21,00000
2,72727	21,10000
2,75758	21,20000
2,75758	21,30000
2,78788	21,40000
2,81818	21,50000
2,84848	21,60000
2,84848	21,70000
2,87879	21,80000
2,90909	21,90000
2,90909	22,00000
2,93939	22,10000
2,96970	22,20000
2,96970	22,30000
3,00000	22,40000
3,03030	22,50000
3,03030	22,60000
3,06061	22,70000
3,09091	22,80000
3,09091	22,90000
3,12121	23,00000
3,15152	23,10000
3,15152	23,20000
3,18182	23,30000
3,21212	23,40000
3,21212	23,50000
3,24242	23,60000
3,27273	23,70000
3,27273	23,80000
3,30303	23,90000
3,33333	24,00000
3,33333	24,10000
3,36364	24,20000
3,39394	24,30000
3,39394	24,40000
3,42424	24,50000
3,45455	24,60000
3,45455	24,70000
3,48485	24,80000
3,48485	24,90000
3,51515	25,00000
3,54545	25,10000
3,54545	25,20000
3,57576	25,30000
3,60606	25,40000
3,60606	25,50000
3,63636	25,60000
3,66667	25,70000
3,66667	25,80000
3,69697	25,90000
3,69697	26,00000
3,72727	26,10000
3,75758	26,20000
3,78788	26,30000
3,81818	26,40000
3,81818	26,50000
3,84848	26,60000
3,87879	26,70000
3,90909	26,80000
3,90909	26,90000
3,93939	27,00000
3,96970	27,10000
3,96970	27,20000
4,00000	27,30000
4,03030	27,40000
4,03030	27,50000
4,06061	27,60000
4,06061	27,70000
4,09091	27,80000
4,09091	27,90000
4,12121	28,00000
4,15152	28,10000
4,15152	28,20000
4,18182	28,30000
4,21212	28,40000
4,24242	28,50000
4,24242	28,60000
4,27273	28,70000
4,27273	28,80000
4,30303	28,90000
4,33333	29,00000
4,36364	29,10000
4,36364	29,20000
4,39394	29,30000
4,42424	29,40000
4,42424	29,50000
4,45455	29,60000
4,48485	29,70000
4,48485	29,80000
4,51515	29,90000
4,54545	30,00000
4,54545	30,10000
4,57576	30,20000
4,60606	30,30000
4,63636	30,40000
4,63636	30,50000
4,66667	30,60000
4,69697	30,70000
4,69697	30,80000
4,72727	30,90000
4,72727	31,00000
4,75758	31,10000
4,75758	31,20000
4,75758	31,30000
4,78788	31,40000
4,81818	31,50000
4,81818	31,60000
4,84848	31,70000
4,84848	31,80000
4,87879	31,90000
4,90909	32,00000
4,93939	32,10000
4,93939	32,20000
4,96970	32,30000
5,00000	32,40000
5,03030	32,50000
5,06061	32,60000
5,06061	32,70000
5,09091	32,80000
5,09091	32,90000
5,12121	33,00000
5,15152	33,10000
5,18182	33,20000
5,18182	33,30000
5,21212	33,40000
5,24242	33,50000
5,24242	33,60000
5,24242	33,70000
5,27273	33,80000
5,30303	33,90000
5,30303	34,00000
5,33333	34,10000
5,36364	34,20000
5,39394	34,30000
5,39394	34,40000
5,42424	34,50000
5,45455	34,60000
5,48485	34,70000
5,48485	34,80000
5,51515	34,90000
5,54545	35,00000
5,54545	35,10000
5,57576	35,20000
5,60606	35,30000
5,60606	35,40000
5,63636	35,50000
5,66667	35,60000
5,69697	35,70000
5,69697	35,80000
5,72727	35,90000
5,72727	36,00000
5,75758	36,10000
5,75758	36,20000
5,75758	36,30000
5,78788	36,40000
5,81818	36,50000
5,81818	36,60000
5,84848	36,70000
5,87879	36,80000
5,90909	36,90000
5,93939	37,00000
5,96970	37,10000
5,96970	37,20000
6,00000	37,30000
6,03030	37,40000
6,06061	37,50000
6,09091	37,60000
6,09091	37,70000
6,15152	37,80000
6,15152	37,90000
6,18182	38,00000
6,18182	38,10000
6,21212	38,20000
6,24242	38,30000
6,24242	38,40000
6,27273	38,50000
6,30303	38,60000
6,33333	38,70000
6,33333	38,80000
6,36364	38,90000
6,39394	39,00000
6,39394	39,10000
6,42424	39,20000
6,45455	39,30000
6,48485	39,40000
6,51515	39,50000
6,51515	39,60000
6,54545	39,70000
6,54545	39,80000
6,57576	39,90000
6,60606	40,00000
6,63636	40,10000
6,63636	40,20000
6,66667	40,30000
6,69697	40,40000
6,69697	40,50000
6,72727	40,60000
6,75758	40,70000
6,75758	40,80000
6,78788	40,90000
6,81818	41,00000
6,84848	41,10000
6,84848	41,20000
6,87879	41,30000
6,90909	41,40000
6,93939	41,50000
6,93939	41,60000
6,96970	41,70000
7,00000	41,80000
7,02970	41,90000
7,02970	42,00000
7,05941	42,10000
7,08911	42,20000
7,11881	42,30000
7,11881	42,40000
7,14851	42,50000
7,17822	42,60000
7,20792	42,70000
7,20792	42,80000
7,23762	42,90000
7,26733	43,00000
7,26733	43,10000
7,29703	43,20000
7,32673	43,30000
7,35644	43,40000
7,35644	43,50000
7,38614	43,60000
7,41584	43,70000
7,41584	43,80000
7,44554	43,90000
7,47525	44,00000
7,50495	44,10000
7,53465	44,20000
7,53465	44,30000
7,56436	44,40000
7,56436	44,50000
7,59406	44,60000
7,62376	44,70000
7,62376	44,80000
7,65347	44,90000
7,68317	45,00000
7,71287	45,10000
7,71287	45,20000
7,74257	45,30000
7,77228	45,40000
7,77228	45,50000
7,80198	45,60000
7,83168	45,70000
7,86139	45,80000
7,86139	45,90000
7,89109	46,00000
7,92079	46,10000
7,95049	46,20000
7,95049	46,30000
7,98020	46,40000
8,00990	46,50000
8,03960	46,60000
8,03960	46,70000
8,06931	46,80000
8,09901	46,90000
8,12871	47,00000
8,15842	47,10000
8,15842	47,20000
8,18812	47,30000
8,18812	47,40000
8,21782	47,50000
8,24753	47,60000
8,27723	47,70000
8,30693	47,80000
8,30693	47,90000
8,33663	48,00000
8,36634	48,10000
8,39604	48,20000
8,39604	48,30000
8,42574	48,40000
8,45545	48,50000
8,48515	48,60000
8,51485	48,70000
8,51485	48,80000
8,54455	48,90000
8,57426	49,00000
8,60396	49,10000
8,60396	49,20000
8,63366	49,30000
8,66337	49,40000
8,69307	49,50000
8,72277	49,60000
8,75247	49,70000
8,75247	49,80000
8,78218	49,90000
8,81188	50,00000
8,84158	50,10000
8,87129	50,20000
8,90099	50,30000
8,93069	50,40000
8,93069	50,50000
8,96040	50,60000
8,99010	50,70000
9,01980	50,80000
9,01980	50,90000
9,04950	51,00000
9,07921	51,10000
9,10891	51,20000
9,13861	51,30000
9,16832	51,40000
9,16832	51,50000
9,19802	51,60000
9,22772	51,70000
9,25743	51,80000
9,25743	51,90000
9,28713	52,00000
9,31683	52,10000
9,34653	52,20000
9,37624	52,30000
9,40594	52,40000
9,43564	52,50000
9,43564	52,60000
9,46535	52,70000
9,49505	52,80000
9,52475	52,90000
9,55446	53,00000
9,58416	53,10000
9,58416	53,20000
9,64356	53,30000
9,64356	53,40000
9,67327	53,50000
9,70297	53,60000
9,73267	53,70000
9,76238	53,80000
9,76238	53,90000
9,79208	54,00000
9,82178	54,10000
9,85148	54,20000
9,85148	54,30000
9,88119	54,40000
9,91089	54,50000
9,91089	54,60000
9,97030	54,70000
9,97030	54,80000
10,00000	54,90000
10,03012	55,00000
10,06024	55,10000
10,09036	55,20000
10,12048	55,30000
10,12048	55,40000
10,15060	55,50000
10,18072	55,60000
10,21084	55,70000
10,24096	55,80000
10,27108	55,90000
10,27108	56,00000
10,30120	56,10000
10,30120	56,20000
10,33132	56,30000
10,36145	56,40000
10,39157	56,50000
10,42169	56,60000
10,42169	56,70000
10,48193	56,80000
10,48193	56,90000
10,51205	57,00000
10,54217	57,10000
10,57229	57,20000
10,60241	57,30000
10,63253	57,40000
10,66265	57,50000
10,66265	57,60000
10,69277	57,70000
10,72289	57,80000
10,75301	57,90000
10,78313	58,00000
10,81325	58,10000
10,84337	58,20000
10,87349	58,30000
10,90361	58,40000
10,93373	58,50000
10,96386	58,60000
10,99398	58,70000
11,02410	58,80000
11,05422	58,90000
11,08434	59,00000
11,11446	59,10000
11,14458	59,20000
11,17470	59,30000
11,20482	59,40000
11,23494	59,50000
11,23494	59,60000
11,29518	59,70000
11,32530	59,80000
11,32530	59,90000
11,38554	60,00000
11,38554	60,10000
11,41566	60,20000
11,44578	60,30000
11,47590	60,40000
11,50602	60,50000
11,53614	60,60000
11,56627	60,70000
11,56627	60,80000
11,62651	60,90000
11,62651	61,00000
11,65663	61,10000
11,68675	61,20000
11,71687	61,30000
11,71687	61,40000
11,74699	61,50000
11,77711	61,60000
11,80723	61,70000
11,83735	61,80000
11,86747	61,90000
11,89759	62,00000
11,92771	62,10000
11,95783	62,20000
11,95783	62,30000
11,98795	62,40000
11,98795	62,50000
11,38554	62,60000
11,14458	62,70000
11,14458	62,80000
11,17470	62,90000
11,20482	63,00000
11,26506	63,10000
11,29518	63,20000
11,32530	63,30000
11,35542	63,40000
11,38554	63,50000
11,41566	63,60000
11,44578	63,70000
11,44578	63,80000
11,44578	63,90000
11,47590	64,00000
11,47590	64,10000
11,47590	64,20000
11,47590	64,30000
11,44578	64,40000
11,41566	64,50000
11,44578	64,60000
11,44578	64,70000
11,47590	64,80000
11,50602	64,90000
11,53614	65,00000
11,56627	65,10000
11,56627	65,20000
11,59639	65,30000
11,62651	65,40000
11,62651	65,50000
-992,96973	65,60000
11,47590	65,70000
11,35542	65,80000
