HBM_CATMAN12_DATAFILE
22/03/10
08:44
CHANNELS: 2
SEPARATOR: 9
MAXLINES: 789

Cel 500Kg	T(Cel 500Kg)
kgf	s
5	5

0,03030	0,00000
0,03030	0,10000
0,03030	0,20000
0,09091	0,30000
0,03030	0,40000
0,03030	0,50000
0,03030	0,60000
0,03030	0,70000
0,03030	0,80000
0,03030	0,90000
0,03030	1,00000
0,03030	1,10000
0,03030	1,20000
0,03030	1,30000
0,03030	1,40000
0,03030	1,50000
0,03030	1,60000
0,03030	1,70000
0,03030	1,80000
0,03030	1,90000
0,03030	2,00000
0,03030	2,10000
0,03030	2,20000
0,03030	2,30000
0,03030	2,40000
0,03030	2,50000
0,03030	2,60000
0,03030	2,70000
0,03030	2,80000
0,03030	2,90000
0,03030	3,00000
0,03030	3,10000
0,03030	3,20000
0,03030	3,30000
0,03030	3,40000
0,03030	3,50000
0,03030	3,60000
0,03030	3,70000
0,03030	3,80000
0,03030	3,90000
0,03030	4,00000
0,03030	4,10000
0,03030	4,20000
0,03030	4,30000
0,03030	4,40000
0,03030	4,50000
0,03030	4,60000
0,03030	4,70000
0,03030	4,80000
0,03030	4,90000
0,03030	5,00000
0,03030	5,10000
0,03030	5,20000
0,03030	5,30000
0,03030	5,40000
0,03030	5,50000
0,03030	5,60000
0,03030	5,70000
0,03030	5,80000
0,03030	5,90000
0,06061	6,00000
0,03030	6,10000
0,06061	6,20000
0,06061	6,30000
0,06061	6,40000
0,06061	6,50000
0,06061	6,60000
0,06061	6,70000
0,06061	6,80000
0,06061	6,90000
0,06061	7,00000
0,06061	7,10000
0,06061	7,20000
0,06061	7,30000
0,06061	7,40000
0,06061	7,50000
0,09091	7,60000
0,09091	7,70000
0,09091	7,80000
0,09091	7,90000
0,09091	8,00000
0,09091	8,10000
0,09091	8,20000
0,09091	8,30000
0,09091	8,40000
0,12121	8,50000
0,12121	8,60000
0,12121	8,70000
0,12121	8,80000
0,12121	8,90000
0,12121	9,00000
0,12121	9,10000
0,12121	9,20000
0,15152	9,30000
0,15152	9,40000
0,15152	9,50000
0,15152	9,60000
0,15152	9,70000
0,15152	9,80000
0,18182	9,90000
0,18182	10,00000
0,18182	10,10000
0,18182	10,20000
0,21212	10,30000
0,21212	10,40000
0,21212	10,50000
0,21212	10,60000
0,24242	10,70000
0,24242	10,80000
0,24242	10,90000
0,24242	11,00000
0,27273	11,10000
0,27273	11,20000
0,27273	11,30000
0,30303	11,40000
0,30303	11,50000
0,30303	11,60000
0,30303	11,70000
0,33333	11,80000
0,33333	11,90000
0,33333	12,00000
0,36364	12,10000
0,36364	12,20000
0,36364	12,30000
0,39394	12,40000
0,39394	12,50000
0,39394	12,60000
0,42424	12,70000
0,42424	12,80000
0,42424	12,90000
0,45455	13,00000
0,45455	13,10000
0,48485	13,20000
0,48485	13,30000
0,48485	13,40000
0,51515	13,50000
0,51515	13,60000
0,54545	13,70000
0,54545	13,80000
0,54545	13,90000
0,57576	14,00000
0,57576	14,10000
0,57576	14,20000
0,60606	14,30000
0,60606	14,40000
0,63636	14,50000
0,63636	14,60000
0,66667	14,70000
0,66667	14,80000
0,69697	14,90000
0,69697	15,00000
0,72727	15,10000
0,72727	15,20000
0,75758	15,30000
0,75758	15,40000
0,78788	15,50000
0,78788	15,60000
0,81818	15,70000
0,81818	15,80000
0,84848	15,90000
0,87879	16,00000
0,87879	16,10000
0,90909	16,20000
0,90909	16,30000
0,93939	16,40000
0,93939	16,50000
0,96970	16,60000
0,96970	16,70000
1,00000	16,80000
1,03030	16,90000
1,03030	17,00000
1,06061	17,10000
1,06061	17,20000
1,09091	17,30000
1,12121	17,40000
1,12121	17,50000
1,15152	17,60000
1,18182	17,70000
1,18182	17,80000
1,21212	17,90000
1,24242	18,00000
1,24242	18,10000
1,27273	18,20000
1,27273	18,30000
1,30303	18,40000
1,33333	18,50000
1,33333	18,60000
1,36364	18,70000
1,39394	18,80000
1,39394	18,90000
1,42424	19,00000
1,42424	19,10000
1,45455	19,20000
1,48485	19,30000
1,48485	19,40000
1,51515	19,50000
1,54545	19,60000
1,54545	19,70000
1,57576	19,80000
1,60606	19,90000
1,60606	20,00000
1,63636	20,10000
1,63636	20,20000
1,66667	20,30000
1,66667	20,40000
1,69697	20,50000
1,69697	20,60000
1,72727	20,70000
1,72727	20,80000
1,75758	20,90000
1,75758	21,00000
1,78788	21,10000
1,81818	21,20000
1,81818	21,30000
1,84848	21,40000
1,84848	21,50000
1,87879	21,60000
1,87879	21,70000
1,90909	21,80000
1,93939	21,90000
1,93939	22,00000
1,96970	22,10000
2,00000	22,20000
2,00000	22,30000
2,03030	22,40000
2,03030	22,50000
2,06061	22,60000
2,09091	22,70000
2,09091	22,80000
2,12121	22,90000
2,15152	23,00000
2,18182	23,10000
2,18182	23,20000
2,21212	23,30000
2,24242	23,40000
2,24242	23,50000
2,27273	23,60000
2,30303	23,70000
2,30303	23,80000
2,33333	23,90000
2,36364	24,00000
2,36364	24,10000
2,39394	24,20000
2,39394	24,30000
2,42424	24,40000
2,42424	24,50000
2,45455	24,60000
2,48485	24,70000
2,48485	24,80000
2,51515	24,90000
2,54545	25,00000
2,54545	25,10000
2,57576	25,20000
2,60606	25,30000
2,60606	25,40000
2,63636	25,50000
2,63636	25,60000
2,66667	25,70000
2,69697	25,80000
2,69697	25,90000
2,72727	26,00000
2,75758	26,10000
2,75758	26,20000
2,78788	26,30000
2,78788	26,40000
2,81818	26,50000
2,84848	26,60000
2,84848	26,70000
2,87879	26,80000
2,90909	26,90000
2,90909	27,00000
2,93939	27,10000
2,96970	27,20000
2,96970	27,30000
3,00000	27,40000
3,00000	27,50000
3,03030	27,60000
3,03030	27,70000
3,06061	27,80000
3,09091	27,90000
3,09091	28,00000
3,12121	28,10000
3,12121	28,20000
3,15152	28,30000
3,18182	28,40000
3,18182	28,50000
3,21212	28,60000
3,21212	28,70000
3,24242	28,80000
3,24242	28,90000
3,27273	29,00000
3,27273	29,10000
3,30303	29,20000
3,33333	29,30000
3,33333	29,40000
3,36364	29,50000
3,36364	29,60000
3,39394	29,70000
3,39394	29,80000
3,42424	29,90000
3,45455	30,00000
3,45455	30,10000
3,48485	30,20000
3,51515	30,30000
3,51515	30,40000
3,54545	30,50000
3,54545	30,60000
3,57576	30,70000
3,57576	30,80000
3,60606	30,90000
3,60606	31,00000
3,63636	31,10000
3,63636	31,20000
3,66667	31,30000
3,69697	31,40000
3,69697	31,50000
3,72727	31,60000
3,72727	31,70000
3,75758	31,80000
3,78788	31,90000
3,78788	32,00000
3,81818	32,10000
3,81818	32,20000
3,84848	32,30000
3,84848	32,40000
3,87879	32,50000
3,87879	32,60000
3,90909	32,70000
3,93939	32,80000
3,93939	32,90000
3,96970	33,00000
3,96970	33,10000
4,00000	33,20000
4,00000	33,30000
4,03030	33,40000
4,06061	33,50000
4,06061	33,60000
4,09091	33,70000
4,12121	33,80000
4,12121	33,90000
4,15152	34,00000
4,15152	34,10000
4,18182	34,20000
4,18182	34,30000
4,21212	34,40000
4,24242	34,50000
4,24242	34,60000
4,27273	34,70000
4,27273	34,80000
4,30303	34,90000
4,30303	35,00000
4,33333	35,10000
4,33333	35,20000
4,36364	35,30000
4,39394	35,40000
4,39394	35,50000
4,42424	35,60000
4,42424	35,70000
4,45455	35,80000
4,45455	35,90000
4,48485	36,00000
4,48485	36,10000
4,51515	36,20000
4,54545	36,30000
4,54545	36,40000
4,57576	36,50000
4,57576	36,60000
4,60606	36,70000
4,63636	36,80000
4,63636	36,90000
4,66667	37,00000
4,66667	37,10000
4,69697	37,20000
4,72727	37,30000
4,72727	37,40000
4,75758	37,50000
4,75758	37,60000
4,78788	37,70000
4,78788	37,80000
4,81818	37,90000
4,84848	38,00000
4,84848	38,10000
4,84848	38,20000
4,87879	38,30000
4,90909	38,40000
4,90909	38,50000
4,93939	38,60000
4,96970	38,70000
4,96970	38,80000
4,96970	38,90000
5,00000	39,00000
5,00000	39,10000
5,03030	39,20000
5,03030	39,30000
5,03030	39,40000
5,03030	39,50000
5,06061	39,60000
5,06061	39,70000
5,06061	39,80000
5,09091	39,90000
5,12121	40,00000
5,12121	40,10000
5,15152	40,20000
5,18182	40,30000
5,21212	40,40000
5,24242	40,50000
5,24242	40,60000
5,27273	40,70000
5,30303	40,80000
5,30303	40,90000
5,33333	41,00000
5,33333	41,10000
5,36364	41,20000
5,39394	41,30000
5,39394	41,40000
5,42424	41,50000
5,42424	41,60000
5,45455	41,70000
5,48485	41,80000
5,48485	41,90000
5,51515	42,00000
5,51515	42,10000
5,51515	42,20000
5,54545	42,30000
5,54545	42,40000
5,54545	42,50000
5,57576	42,60000
5,57576	42,70000
5,60606	42,80000
5,63636	42,90000
5,63636	43,00000
5,66667	43,10000
5,69697	43,20000
5,72727	43,30000
5,72727	43,40000
5,75758	43,50000
5,75758	43,60000
5,78788	43,70000
5,81818	43,80000
5,81818	43,90000
5,84848	44,00000
5,87879	44,10000
5,87879	44,20000
5,90909	44,30000
5,90909	44,40000
5,93939	44,50000
5,96970	44,60000
5,96970	44,70000
6,00000	44,80000
6,03030	44,90000
6,03030	45,00000
6,06061	45,10000
6,06061	45,20000
6,09091	45,30000
6,12121	45,40000
6,12121	45,50000
6,15152	45,60000
6,18182	45,70000
6,18182	45,80000
6,21212	45,90000
6,24242	46,00000
6,24242	46,10000
6,27273	46,20000
6,27273	46,30000
6,30303	46,40000
6,30303	46,50000
6,33333	46,60000
6,33333	46,70000
6,36364	46,80000
6,39394	46,90000
6,39394	47,00000
6,42424	47,10000
6,45455	47,20000
6,45455	47,30000
6,48485	47,40000
6,48485	47,50000
6,51515	47,60000
6,54545	47,70000
6,57576	47,80000
6,57576	47,90000
6,60606	48,00000
6,63636	48,10000
6,63636	48,20000
6,66667	48,30000
6,69697	48,40000
6,69697	48,50000
6,72727	48,60000
6,75758	48,70000
6,75758	48,80000
6,78788	48,90000
6,78788	49,00000
6,81818	49,10000
6,84848	49,20000
6,87879	49,30000
6,87879	49,40000
6,90909	49,50000
6,90909	49,60000
6,93939	49,70000
6,96970	49,80000
6,96970	49,90000
7,00000	50,00000
7,00000	50,10000
7,02970	50,20000
7,05941	50,30000
7,05941	50,40000
7,08911	50,50000
7,11881	50,60000
7,11881	50,70000
7,14851	50,80000
7,17822	50,90000
7,17822	51,00000
7,20792	51,10000
7,20792	51,20000
7,23762	51,30000
7,26733	51,40000
7,29703	51,50000
7,29703	51,60000
7,32673	51,70000
7,32673	51,80000
7,35644	51,90000
7,38614	52,00000
7,38614	52,10000
7,41584	52,20000
7,44554	52,30000
7,44554	52,40000
7,47525	52,50000
7,50495	52,60000
7,50495	52,70000
7,53465	52,80000
7,56436	52,90000
7,59406	53,00000
7,59406	53,10000
7,62376	53,20000
7,65347	53,30000
7,65347	53,40000
7,68317	53,50000
7,68317	53,60000
7,71287	53,70000
7,74257	53,80000
7,74257	53,90000
7,77228	54,00000
7,80198	54,10000
7,80198	54,20000
7,83168	54,30000
7,86139	54,40000
7,86139	54,50000
7,89109	54,60000
7,92079	54,70000
7,92079	54,80000
7,95049	54,90000
7,98020	55,00000
8,00990	55,10000
8,00990	55,20000
8,03960	55,30000
8,03960	55,40000
8,06931	55,50000
8,09901	55,60000
8,09901	55,70000
8,12871	55,80000
8,15842	55,90000
8,15842	56,00000
8,18812	56,10000
8,21782	56,20000
8,21782	56,30000
8,24753	56,40000
8,27723	56,50000
8,27723	56,60000
8,30693	56,70000
8,33663	56,80000
8,36634	56,90000
8,36634	57,00000
8,39604	57,10000
8,39604	57,20000
8,42574	57,30000
8,45545	57,40000
8,45545	57,50000
8,48515	57,60000
8,51485	57,70000
8,51485	57,80000
8,54455	57,90000
8,54455	58,00000
8,57426	58,10000
8,60396	58,20000
8,63366	58,30000
8,63366	58,40000
8,66337	58,50000
8,69307	58,60000
8,72277	58,70000
8,72277	58,80000
8,75247	58,90000
8,75247	59,00000
8,78218	59,10000
8,81188	59,20000
8,81188	59,30000
8,84158	59,40000
8,87129	59,50000
8,90099	59,60000
8,90099	59,70000
8,93069	59,80000
8,96040	59,90000
8,96040	60,00000
8,99010	60,10000
8,99010	60,20000
9,01980	60,30000
9,04950	60,40000
9,04950	60,50000
9,07921	60,60000
9,10891	60,70000
9,10891	60,80000
9,13861	60,90000
9,16832	61,00000
9,16832	61,10000
9,19802	61,20000
9,22772	61,30000
9,22772	61,40000
9,25743	61,50000
9,25743	61,60000
9,28713	61,70000
9,31683	61,80000
9,34653	61,90000
9,34653	62,00000
9,37624	62,10000
9,40594	62,20000
9,40594	62,30000
9,43564	62,40000
9,43564	62,50000
9,46535	62,60000
9,49505	62,70000
9,49505	62,80000
9,52475	62,90000
9,55446	63,00000
9,55446	63,10000
9,58416	63,20000
9,58416	63,30000
9,61386	63,40000
9,64356	63,50000
9,64356	63,60000
9,67327	63,70000
9,67327	63,80000
9,70297	63,90000
9,73267	64,00000
9,73267	64,10000
9,76238	64,20000
9,76238	64,30000
9,79208	64,40000
9,82178	64,50000
9,85148	64,60000
9,85148	64,70000
9,88119	64,80000
9,88119	64,90000
9,91089	65,00000
9,94059	65,10000
9,94059	65,20000
9,97030	65,30000
10,00000	65,40000
10,00000	65,50000
10,03012	65,60000
10,06024	65,70000
10,06024	65,80000
10,06024	65,90000
10,09036	66,00000
10,09036	66,10000
10,12048	66,20000
10,15060	66,30000
10,18072	66,40000
10,18072	66,50000
10,21084	66,60000
10,24096	66,70000
10,24096	66,80000
10,27108	66,90000
10,27108	67,00000
10,30120	67,10000
10,33132	67,20000
10,33132	67,30000
10,36145	67,40000
10,36145	67,50000
10,39157	67,60000
10,39157	67,70000
10,42169	67,80000
10,42169	67,90000
10,45181	68,00000
10,45181	68,10000
10,45181	68,20000
10,45181	68,30000
10,45181	68,40000
10,48193	68,50000
10,48193	68,60000
10,48193	68,70000
10,48193	68,80000
10,48193	68,90000
10,51205	69,00000
10,51205	69,10000
10,51205	69,20000
10,45181	69,30000
10,30120	69,40000
10,24096	69,50000
10,21084	69,60000
10,21084	69,70000
10,21084	69,80000
10,21084	69,90000
10,21084	70,00000
10,24096	70,10000
10,24096	70,20000
10,27108	70,30000
10,27108	70,40000
10,27108	70,50000
10,30120	70,60000
10,30120	70,70000
10,30120	70,80000
10,33132	70,90000
10,36145	71,00000
10,36145	71,10000
10,36145	71,20000
10,39157	71,30000
10,39157	71,40000
10,42169	71,50000
10,42169	71,60000
10,45181	71,70000
10,45181	71,80000
10,48193	71,90000
10,48193	72,00000
10,45181	72,10000
10,48193	72,20000
10,48193	72,30000
10,48193	72,40000
10,45181	72,50000
10,48193	72,60000
10,48193	72,70000
10,48193	72,80000
10,48193	72,90000
10,48193	73,00000
10,48193	73,10000
10,48193	73,20000
10,39157	73,30000
10,30120	73,40000
10,30120	73,50000
10,30120	73,60000
10,27108	73,70000
10,30120	73,80000
10,30120	73,90000
10,30120	74,00000
10,27108	74,10000
10,27108	74,20000
10,27108	74,30000
10,24096	74,40000
10,24096	74,50000
10,24096	74,60000
10,21084	74,70000
10,18072	74,80000
10,18072	74,90000
10,18072	75,00000
10,18072	75,10000
10,15060	75,20000
10,09036	75,30000
10,03012	75,40000
10,00000	75,50000
9,94059	75,60000
9,85148	75,70000
9,73267	75,80000
9,61386	75,90000
9,52475	76,00000
9,43564	76,10000
9,28713	76,20000
9,10891	76,30000
8,99010	76,40000
8,93069	76,50000
8,87129	76,60000
8,84158	76,70000
8,81188	76,80000
8,78218	76,90000
8,75247	77,00000
8,69307	77,10000
8,66337	77,20000
8,60396	77,30000
8,57426	77,40000
8,54455	77,50000
8,51485	77,60000
8,51485	77,70000
8,51485	77,80000
8,48515	77,90000
8,45545	78,00000
8,39604	78,10000
8,33663	78,20000
8,27723	78,30000
8,27723	78,40000
8,24753	78,50000
8,24753	78,60000
8,21782	78,70000
8,21782	78,80000
