HBM_CATMAN12_DATAFILE
22/03/10
09:23
CHANNELS: 2
SEPARATOR: 9
MAXLINES: 785

Cel 500Kg	T(Cel 500Kg)
kgf	s
5	5

0,03030	0,00000
0,03030	0,10000
0,03030	0,20000
0,03030	0,30000
0,03030	0,40000
0,03030	0,50000
0,03030	0,60000
0,03030	0,70000
0,03030	0,80000
0,03030	0,90000
0,03030	1,00000
0,03030	1,10000
0,03030	1,20000
0,03030	1,30000
0,03030	1,40000
0,03030	1,50000
0,00000	1,60000
0,03030	1,70000
0,03030	1,80000
0,00000	1,90000
0,00000	2,00000
0,00000	2,10000
0,03030	2,20000
0,03030	2,30000
0,00000	2,40000
0,00000	2,50000
0,03030	2,60000
0,03030	2,70000
0,00000	2,80000
0,00000	2,90000
0,00000	3,00000
0,00000	3,10000
0,00000	3,20000
0,03030	3,30000
0,03030	3,40000
0,00000	3,50000
0,00000	3,60000
0,00000	3,70000
0,03030	3,80000
0,00000	3,90000
0,00000	4,00000
0,03030	4,10000
0,00000	4,20000
0,00000	4,30000
0,00000	4,40000
0,00000	4,50000
0,03030	4,60000
0,03030	4,70000
0,03030	4,80000
0,03030	4,90000
0,03030	5,00000
0,00000	5,10000
0,00000	5,20000
0,03030	5,30000
0,03030	5,40000
0,00000	5,50000
0,03030	5,60000
0,03030	5,70000
0,03030	5,80000
0,03030	5,90000
0,03030	6,00000
0,03030	6,10000
0,03030	6,20000
0,03030	6,30000
0,03030	6,40000
0,03030	6,50000
0,03030	6,60000
0,03030	6,70000
0,06061	6,80000
0,06061	6,90000
0,06061	7,00000
0,06061	7,10000
0,06061	7,20000
0,06061	7,30000
0,06061	7,40000
0,06061	7,50000
0,09091	7,60000
0,09091	7,70000
0,09091	7,80000
0,12121	7,90000
0,09091	8,00000
0,12121	8,10000
0,12121	8,20000
0,12121	8,30000
0,12121	8,40000
0,15152	8,50000
0,15152	8,60000
0,15152	8,70000
0,15152	8,80000
0,18182	8,90000
0,18182	9,00000
0,18182	9,10000
0,18182	9,20000
0,18182	9,30000
0,18182	9,40000
0,21212	9,50000
0,21212	9,60000
0,21212	9,70000
0,24242	9,80000
0,24242	9,90000
0,24242	10,00000
0,24242	10,10000
0,24242	10,20000
0,27273	10,30000
0,27273	10,40000
0,27273	10,50000
0,27273	10,60000
0,27273	10,70000
0,30303	10,80000
0,30303	10,90000
0,30303	11,00000
0,30303	11,10000
0,33333	11,20000
0,33333	11,30000
0,33333	11,40000
0,36364	11,50000
0,36364	11,60000
0,36364	11,70000
0,36364	11,80000
0,39394	11,90000
0,39394	12,00000
0,39394	12,10000
0,39394	12,20000
0,42424	12,30000
0,42424	12,40000
0,45455	12,50000
0,45455	12,60000
0,45455	12,70000
0,45455	12,80000
0,48485	12,90000
0,48485	13,00000
0,48485	13,10000
0,51515	13,20000
0,51515	13,30000
0,54545	13,40000
0,54545	13,50000
0,54545	13,60000
0,54545	13,70000
0,57576	13,80000
0,60606	13,90000
0,60606	14,00000
0,60606	14,10000
0,63636	14,20000
0,63636	14,30000
0,66667	14,40000
0,66667	14,50000
0,69697	14,60000
0,69697	14,70000
0,69697	14,80000
0,72727	14,90000
0,72727	15,00000
0,75758	15,10000
0,75758	15,20000
0,78788	15,30000
0,78788	15,40000
0,81818	15,50000
0,81818	15,60000
0,84848	15,70000
0,84848	15,80000
0,87879	15,90000
0,87879	16,00000
0,90909	16,10000
0,93939	16,20000
0,93939	16,30000
0,93939	16,40000
0,96970	16,50000
1,00000	16,60000
1,00000	16,70000
1,03030	16,80000
1,03030	16,90000
1,06061	17,00000
1,06061	17,10000
1,09091	17,20000
1,09091	17,30000
1,09091	17,40000
1,12121	17,50000
1,12121	17,60000
1,15152	17,70000
1,15152	17,80000
1,18182	17,90000
1,18182	18,00000
1,18182	18,10000
1,21212	18,20000
1,21212	18,30000
1,24242	18,40000
1,24242	18,50000
1,24242	18,60000
1,27273	18,70000
1,30303	18,80000
1,30303	18,90000
1,33333	19,00000
1,36364	19,10000
1,36364	19,20000
1,39394	19,30000
1,42424	19,40000
1,45455	19,50000
1,48485	19,60000
1,48485	19,70000
1,51515	19,80000
1,54545	19,90000
1,57576	20,00000
1,57576	20,10000
1,60606	20,20000
1,63636	20,30000
1,66667	20,40000
1,69697	20,50000
1,69697	20,60000
1,72727	20,70000
1,75758	20,80000
1,75758	20,90000
1,78788	21,00000
1,81818	21,10000
1,84848	21,20000
1,84848	21,30000
1,87879	21,40000
1,90909	21,50000
1,93939	21,60000
1,93939	21,70000
1,96970	21,80000
2,00000	21,90000
2,03030	22,00000
2,03030	22,10000
2,06061	22,20000
2,09091	22,30000
2,12121	22,40000
2,12121	22,50000
2,15152	22,60000
2,18182	22,70000
2,21212	22,80000
2,21212	22,90000
2,24242	23,00000
2,27273	23,10000
2,30303	23,20000
2,30303	23,30000
2,33333	23,40000
2,36364	23,50000
2,39394	23,60000
2,42424	23,70000
2,42424	23,80000
2,45455	23,90000
2,45455	24,00000
2,48485	24,10000
2,51515	24,20000
2,51515	24,30000
2,54545	24,40000
2,57576	24,50000
2,60606	24,60000
2,60606	24,70000
2,63636	24,80000
2,66667	24,90000
2,69697	25,00000
2,69697	25,10000
2,72727	25,20000
2,75758	25,30000
2,75758	25,40000
2,78788	25,50000
2,81818	25,60000
2,81818	25,70000
2,84848	25,80000
2,87879	25,90000
2,90909	26,00000
2,90909	26,10000
2,93939	26,20000
2,93939	26,30000
2,96970	26,40000
3,00000	26,50000
3,03030	26,60000
3,03030	26,70000
3,06061	26,80000
3,09091	26,90000
3,09091	27,00000
3,12121	27,10000
3,12121	27,20000
3,15152	27,30000
3,18182	27,40000
3,18182	27,50000
3,21212	27,60000
3,24242	27,70000
3,24242	27,80000
3,27273	27,90000
3,30303	28,00000
3,30303	28,10000
3,33333	28,20000
3,36364	28,30000
3,36364	28,40000
3,36364	28,50000
3,39394	28,60000
3,42424	28,70000
3,42424	28,80000
3,45455	28,90000
3,48485	29,00000
3,48485	29,10000
3,51515	29,20000
3,51515	29,30000
3,54545	29,40000
3,57576	29,50000
3,57576	29,60000
3,60606	29,70000
3,63636	29,80000
3,66667	29,90000
3,66667	30,00000
3,69697	30,10000
3,72727	30,20000
3,72727	30,30000
3,75758	30,40000
3,78788	30,50000
3,78788	30,60000
3,81818	30,70000
3,84848	30,80000
3,84848	30,90000
3,87879	31,00000
3,90909	31,10000
3,90909	31,20000
3,93939	31,30000
3,96970	31,40000
3,96970	31,50000
4,00000	31,60000
4,00000	31,70000
4,03030	31,80000
4,06061	31,90000
4,06061	32,00000
4,09091	32,10000
4,12121	32,20000
4,15152	32,30000
4,15152	32,40000
4,18182	32,50000
4,18182	32,60000
4,21212	32,70000
4,24242	32,80000
4,24242	32,90000
4,27273	33,00000
4,30303	33,10000
4,33333	33,20000
4,33333	33,30000
4,36364	33,40000
4,36364	33,50000
4,39394	33,60000
4,42424	33,70000
4,45455	33,80000
4,45455	33,90000
4,48485	34,00000
4,48485	34,10000
4,51515	34,20000
4,54545	34,30000
4,54545	34,40000
4,57576	34,50000
4,60606	34,60000
4,60606	34,70000
4,63636	34,80000
4,63636	34,90000
4,66667	35,00000
4,69697	35,10000
4,72727	35,20000
4,72727	35,30000
4,75758	35,40000
4,78788	35,50000
4,78788	35,60000
4,81818	35,70000
4,81818	35,80000
4,84848	35,90000
4,87879	36,00000
4,90909	36,10000
4,90909	36,20000
4,93939	36,30000
4,96970	36,40000
4,96970	36,50000
5,00000	36,60000
5,00000	36,70000
5,03030	36,80000
5,06061	36,90000
5,06061	37,00000
5,09091	37,10000
5,09091	37,20000
5,12121	37,30000
5,15152	37,40000
5,15152	37,50000
5,18182	37,60000
5,21212	37,70000
5,24242	37,80000
5,24242	37,90000
5,27273	38,00000
5,30303	38,10000
5,30303	38,20000
5,33333	38,30000
5,36364	38,40000
5,36364	38,50000
5,39394	38,60000
5,39394	38,70000
5,42424	38,80000
5,42424	38,90000
5,45455	39,00000
5,48485	39,10000
5,48485	39,20000
5,51515	39,30000
5,54545	39,40000
5,54545	39,50000
5,57576	39,60000
5,57576	39,70000
5,60606	39,80000
5,60606	39,90000
5,63636	40,00000
5,63636	40,10000
5,66667	40,20000
5,69697	40,30000
5,69697	40,40000
5,72727	40,50000
5,75758	40,60000
5,75758	40,70000
5,78788	40,80000
5,81818	40,90000
5,81818	41,00000
5,84848	41,10000
5,87879	41,20000
5,90909	41,30000
5,93939	41,40000
5,93939	41,50000
5,96970	41,60000
6,00000	41,70000
6,00000	41,80000
6,03030	41,90000
6,06061	42,00000
6,06061	42,10000
6,09091	42,20000
6,12121	42,30000
6,12121	42,40000
6,15152	42,50000
6,18182	42,60000
6,18182	42,70000
6,21212	42,80000
6,21212	42,90000
6,24242	43,00000
6,27273	43,10000
6,27273	43,20000
6,30303	43,30000
6,33333	43,40000
6,33333	43,50000
6,36364	43,60000
6,36364	43,70000
6,39394	43,80000
6,42424	43,90000
6,42424	44,00000
6,45455	44,10000
6,45455	44,20000
6,45455	44,30000
6,48485	44,40000
6,48485	44,50000
6,51515	44,60000
6,54545	44,70000
6,57576	44,80000
6,60606	44,90000
6,63636	45,00000
6,63636	45,10000
6,66667	45,20000
6,69697	45,30000
6,69697	45,40000
6,72727	45,50000
6,75758	45,60000
6,75758	45,70000
6,78788	45,80000
6,81818	45,90000
6,84848	46,00000
6,84848	46,10000
6,87879	46,20000
6,90909	46,30000
6,90909	46,40000
6,93939	46,50000
6,96970	46,60000
6,96970	46,70000
7,00000	46,80000
7,02970	46,90000
7,02970	47,00000
7,05941	47,10000
7,08911	47,20000
7,11881	47,30000
7,11881	47,40000
7,14851	47,50000
7,17822	47,60000
7,17822	47,70000
7,20792	47,80000
7,23762	47,90000
7,26733	48,00000
7,29703	48,10000
7,29703	48,20000
7,32673	48,30000
7,35644	48,40000
7,35644	48,50000
7,41584	48,60000
7,41584	48,70000
7,44554	48,80000
7,44554	48,90000
7,47525	49,00000
7,50495	49,10000
7,53465	49,20000
7,56436	49,30000
7,56436	49,40000
7,59406	49,50000
7,62376	49,60000
7,65347	49,70000
7,65347	49,80000
7,68317	49,90000
7,71287	50,00000
7,71287	50,10000
7,74257	50,20000
7,77228	50,30000
7,80198	50,40000
7,80198	50,50000
7,83168	50,60000
7,86139	50,70000
7,89109	50,80000
7,89109	50,90000
7,92079	51,00000
7,95049	51,10000
7,98020	51,20000
8,00990	51,30000
8,00990	51,40000
8,03960	51,50000
8,06931	51,60000
8,06931	51,70000
8,09901	51,80000
8,12871	51,90000
8,15842	52,00000
8,18812	52,10000
8,21782	52,20000
8,21782	52,30000
8,24753	52,40000
8,27723	52,50000
8,27723	52,60000
8,30693	52,70000
8,33663	52,80000
8,36634	52,90000
8,36634	53,00000
8,39604	53,10000
8,42574	53,20000
8,45545	53,30000
8,48515	53,40000
8,51485	53,50000
8,51485	53,60000
8,54455	53,70000
8,57426	53,80000
8,60396	53,90000
8,63366	54,00000
8,63366	54,10000
8,66337	54,20000
8,69307	54,30000
8,72277	54,40000
8,72277	54,50000
8,75247	54,60000
8,78218	54,70000
8,81188	54,80000
8,84158	54,90000
8,87129	55,00000
8,90099	55,10000
8,90099	55,20000
8,93069	55,30000
8,96040	55,40000
8,99010	55,50000
9,01980	55,60000
9,04950	55,70000
9,07921	55,80000
9,07921	55,90000
9,13861	56,00000
9,13861	56,10000
9,16832	56,20000
9,19802	56,30000
9,22772	56,40000
9,25743	56,50000
9,25743	56,60000
9,28713	56,70000
9,31683	56,80000
9,34653	56,90000
9,37624	57,00000
9,40594	57,10000
9,43564	57,20000
9,46535	57,30000
9,49505	57,40000
9,49505	57,50000
9,52475	57,60000
9,55446	57,70000
9,58416	57,80000
9,61386	57,90000
9,64356	58,00000
9,67327	58,10000
9,70297	58,20000
9,73267	58,30000
9,73267	58,40000
9,76238	58,50000
9,79208	58,60000
9,82178	58,70000
9,85148	58,80000
9,88119	58,90000
9,91089	59,00000
9,91089	59,10000
9,94059	59,20000
9,97030	59,30000
10,00000	59,40000
10,03012	59,50000
10,06024	59,60000
10,09036	59,70000
10,12048	59,80000
10,15060	59,90000
10,18072	60,00000
10,21084	60,10000
10,24096	60,20000
10,27108	60,30000
10,30120	60,40000
10,33132	60,50000
10,36145	60,60000
10,39157	60,70000
10,42169	60,80000
10,42169	60,90000
10,45181	61,00000
10,48193	61,10000
10,51205	61,20000
10,54217	61,30000
10,57229	61,40000
10,60241	61,50000
10,63253	61,60000
10,66265	61,70000
10,69277	61,80000
10,72289	61,90000
10,75301	62,00000
10,78313	62,10000
10,81325	62,20000
10,84337	62,30000
10,87349	62,40000
10,90361	62,50000
10,93373	62,60000
10,96386	62,70000
10,96386	62,80000
10,99398	62,90000
11,02410	63,00000
11,05422	63,10000
11,08434	63,20000
11,11446	63,30000
11,14458	63,40000
11,17470	63,50000
11,20482	63,60000
11,23494	63,70000
11,26506	63,80000
11,29518	63,90000
11,32530	64,00000
11,32530	64,10000
11,38554	64,20000
11,38554	64,30000
11,41566	64,40000
11,44578	64,50000
11,47590	64,60000
11,50602	64,70000
11,50602	64,80000
11,53614	64,90000
11,56627	65,00000
11,59639	65,10000
11,62651	65,20000
11,65663	65,30000
11,68675	65,40000
11,74699	65,50000
11,74699	65,60000
11,77711	65,70000
11,80723	65,80000
11,83735	65,90000
11,86747	66,00000
11,89759	66,10000
11,92771	66,20000
11,95783	66,30000
11,98795	66,40000
11,98795	66,50000
12,01807	66,60000
12,04819	66,70000
12,07831	66,80000
12,10843	66,90000
12,13855	67,00000
12,16867	67,10000
12,19879	67,20000
12,22892	67,30000
12,25904	67,40000
12,25904	67,50000
12,28916	67,60000
12,28916	67,70000
12,31928	67,80000
12,34940	67,90000
12,37952	68,00000
12,37952	68,10000
12,40964	68,20000
12,43976	68,30000
12,46988	68,40000
12,50000	68,50000
12,53012	68,60000
12,56024	68,70000
12,56024	68,80000
12,59036	68,90000
12,62048	69,00000
12,62048	69,10000
12,65060	69,20000
12,68072	69,30000
12,71084	69,40000
12,71084	69,50000
12,74096	69,60000
12,77108	69,70000
12,77108	69,80000
12,80120	69,90000
12,80120	70,00000
12,83133	70,10000
12,86145	70,20000
12,86145	70,30000
12,89157	70,40000
12,89157	70,50000
12,92169	70,60000
12,86145	70,70000
12,68072	70,80000
12,65060	70,90000
12,68072	71,00000
12,71084	71,10000
12,74096	71,20000
12,74096	71,30000
12,77108	71,40000
12,80120	71,50000
12,83133	71,60000
12,86145	71,70000
12,89157	71,80000
12,92169	71,90000
12,95181	72,00000
12,95181	72,10000
12,98193	72,20000
12,98193	72,30000
12,98193	72,40000
13,01205	72,50000
13,01205	72,60000
13,01205	72,70000
13,04217	72,80000
13,07229	72,90000
13,07229	73,00000
13,10241	73,10000
13,10241	73,20000
13,10241	73,30000
13,04217	73,40000
13,07229	73,50000
13,10241	73,60000
13,10241	73,70000
13,13253	73,80000
13,13253	73,90000
13,16265	74,00000
13,19277	74,10000
13,22289	74,20000
13,22289	74,30000
13,25301	74,40000
13,28313	74,50000
13,28313	74,60000
13,31325	74,70000
13,31325	74,80000
13,34337	74,90000
13,37349	75,00000
13,04217	75,10000
12,43976	75,20000
12,40964	75,30000
12,40964	75,40000
12,43976	75,50000
12,46988	75,60000
12,46988	75,70000
12,50000	75,80000
12,50000	75,90000
12,50000	76,00000
12,50000	76,10000
12,50000	76,20000
12,37952	76,30000
12,28916	76,40000
12,28916	76,50000
12,28916	76,60000
12,28916	76,70000
12,28916	76,80000
12,31928	76,90000
12,31928	77,00000
12,31928	77,10000
12,25904	77,20000
12,13855	77,30000
11,83735	77,40000
4,03030	77,50000
1,96970	77,60000
1,84848	77,70000
1,84848	77,80000
1,87879	77,90000
1,87879	78,00000
1,87879	78,10000
1,87879	78,20000
1,90909	78,30000
1,93939	78,40000
