HBM_CATMAN12_DATAFILE
22/03/10
09:18
CHANNELS: 2
SEPARATOR: 9
MAXLINES: 870

Cel 500Kg	T(Cel 500Kg)
kgf	s
5	5

0,03030	0,00000
0,03030	0,10000
0,03030	0,20000
0,03030	0,30000
0,03030	0,40000
0,03030	0,50000
0,03030	0,60000
0,03030	0,70000
0,03030	0,80000
0,03030	0,90000
0,03030	1,00000
0,03030	1,10000
0,03030	1,20000
0,03030	1,30000
0,03030	1,40000
0,00000	1,50000
0,00000	1,60000
0,00000	1,70000
0,03030	1,80000
0,03030	1,90000
0,03030	2,00000
0,00000	2,10000
0,03030	2,20000
0,03030	2,30000
0,03030	2,40000
0,00000	2,50000
0,00000	2,60000
0,00000	2,70000
0,00000	2,80000
0,00000	2,90000
0,00000	3,00000
0,03030	3,10000
0,03030	3,20000
0,03030	3,30000
0,03030	3,40000
0,03030	3,50000
0,03030	3,60000
0,03030	3,70000
0,03030	3,80000
0,03030	3,90000
0,03030	4,00000
0,03030	4,10000
0,03030	4,20000
0,03030	4,30000
0,03030	4,40000
0,06061	4,50000
0,06061	4,60000
0,06061	4,70000
0,06061	4,80000
0,06061	4,90000
0,06061	5,00000
0,06061	5,10000
0,06061	5,20000
0,06061	5,30000
0,06061	5,40000
0,09091	5,50000
0,09091	5,60000
0,09091	5,70000
0,09091	5,80000
0,09091	5,90000
0,09091	6,00000
0,09091	6,10000
0,09091	6,20000
0,09091	6,30000
0,12121	6,40000
0,12121	6,50000
0,12121	6,60000
0,12121	6,70000
0,12121	6,80000
0,12121	6,90000
0,12121	7,00000
0,15152	7,10000
0,15152	7,20000
0,15152	7,30000
0,15152	7,40000
0,15152	7,50000
0,15152	7,60000
0,18182	7,70000
0,18182	7,80000
0,18182	7,90000
0,18182	8,00000
0,18182	8,10000
0,18182	8,20000
0,21212	8,30000
0,21212	8,40000
0,21212	8,50000
0,21212	8,60000
0,21212	8,70000
0,24242	8,80000
0,24242	8,90000
0,24242	9,00000
0,24242	9,10000
0,24242	9,20000
0,27273	9,30000
0,27273	9,40000
0,27273	9,50000
0,27273	9,60000
0,27273	9,70000
0,27273	9,80000
0,30303	9,90000
0,30303	10,00000
0,30303	10,10000
0,33333	10,20000
0,33333	10,30000
0,33333	10,40000
0,33333	10,50000
0,33333	10,60000
0,36364	10,70000
0,36364	10,80000
0,36364	10,90000
0,36364	11,00000
0,36364	11,10000
0,39394	11,20000
0,39394	11,30000
0,42424	11,40000
0,42424	11,50000
0,42424	11,60000
0,42424	11,70000
0,42424	11,80000
0,45455	11,90000
0,45455	12,00000
0,45455	12,10000
0,48485	12,20000
0,48485	12,30000
0,48485	12,40000
0,51515	12,50000
0,51515	12,60000
0,51515	12,70000
0,54545	12,80000
0,54545	12,90000
0,54545	13,00000
0,57576	13,10000
0,57576	13,20000
0,60606	13,30000
0,60606	13,40000
0,60606	13,50000
0,63636	13,60000
0,63636	13,70000
0,66667	13,80000
0,66667	13,90000
0,66667	14,00000
0,69697	14,10000
0,69697	14,20000
0,72727	14,30000
0,72727	14,40000
0,72727	14,50000
0,75758	14,60000
0,75758	14,70000
0,78788	14,80000
0,78788	14,90000
0,81818	15,00000
0,81818	15,10000
0,84848	15,20000
0,84848	15,30000
0,84848	15,40000
0,87879	15,50000
0,87879	15,60000
0,90909	15,70000
0,93939	15,80000
0,93939	15,90000
0,96970	16,00000
0,96970	16,10000
1,00000	16,20000
1,00000	16,30000
1,03030	16,40000
1,03030	16,50000
1,06061	16,60000
1,06061	16,70000
1,09091	16,80000
1,12121	16,90000
1,12121	17,00000
1,15152	17,10000
1,15152	17,20000
1,18182	17,30000
1,21212	17,40000
1,21212	17,50000
1,24242	17,60000
1,27273	17,70000
1,27273	17,80000
1,30303	17,90000
1,33333	18,00000
1,36364	18,10000
1,36364	18,20000
1,39394	18,30000
1,42424	18,40000
1,45455	18,50000
1,45455	18,60000
1,48485	18,70000
1,51515	18,80000
1,51515	18,90000
1,54545	19,00000
1,54545	19,10000
1,57576	19,20000
1,60606	19,30000
1,60606	19,40000
1,63636	19,50000
1,63636	19,60000
1,66667	19,70000
1,66667	19,80000
1,69697	19,90000
1,69697	20,00000
1,72727	20,10000
1,72727	20,20000
1,72727	20,30000
1,75758	20,40000
1,75758	20,50000
1,75758	20,60000
1,78788	20,70000
1,81818	20,80000
1,81818	20,90000
1,84848	21,00000
1,84848	21,10000
1,87879	21,20000
1,90909	21,30000
1,93939	21,40000
1,93939	21,50000
1,96970	21,60000
2,00000	21,70000
2,00000	21,80000
2,03030	21,90000
2,06061	22,00000
2,09091	22,10000
2,09091	22,20000
2,12121	22,30000
2,12121	22,40000
2,15152	22,50000
2,18182	22,60000
2,18182	22,70000
2,21212	22,80000
2,24242	22,90000
2,24242	23,00000
2,27273	23,10000
2,30303	23,20000
2,33333	23,30000
2,33333	23,40000
2,36364	23,50000
2,36364	23,60000
2,39394	23,70000
2,42424	23,80000
2,42424	23,90000
2,45455	24,00000
2,48485	24,10000
2,48485	24,20000
2,51515	24,30000
2,54545	24,40000
2,54545	24,50000
2,57576	24,60000
2,60606	24,70000
2,60606	24,80000
2,63636	24,90000
2,66667	25,00000
2,66667	25,10000
2,69697	25,20000
2,69697	25,30000
2,72727	25,40000
2,72727	25,50000
2,75758	25,60000
2,78788	25,70000
2,81818	25,80000
2,81818	25,90000
2,84848	26,00000
2,84848	26,10000
2,87879	26,20000
2,87879	26,30000
2,90909	26,40000
2,90909	26,50000
2,93939	26,60000
2,96970	26,70000
2,96970	26,80000
3,00000	26,90000
3,00000	27,00000
3,03030	27,10000
3,06061	27,20000
3,06061	27,30000
3,09091	27,40000
3,09091	27,50000
3,12121	27,60000
3,15152	27,70000
3,15152	27,80000
3,18182	27,90000
3,18182	28,00000
3,21212	28,10000
3,21212	28,20000
3,24242	28,30000
3,27273	28,40000
3,27273	28,50000
3,30303	28,60000
3,30303	28,70000
3,33333	28,80000
3,36364	28,90000
3,36364	29,00000
3,39394	29,10000
3,39394	29,20000
3,42424	29,30000
3,45455	29,40000
3,45455	29,50000
3,48485	29,60000
3,48485	29,70000
3,51515	29,80000
3,51515	29,90000
3,54545	30,00000
3,54545	30,10000
3,57576	30,20000
3,60606	30,30000
3,60606	30,40000
3,63636	30,50000
3,63636	30,60000
3,66667	30,70000
3,66667	30,80000
3,69697	30,90000
3,69697	31,00000
3,72727	31,10000
3,75758	31,20000
3,75758	31,30000
3,78788	31,40000
3,81818	31,50000
3,81818	31,60000
3,84848	31,70000
3,84848	31,80000
3,87879	31,90000
3,90909	32,00000
3,90909	32,10000
3,93939	32,20000
3,93939	32,30000
3,96970	32,40000
4,00000	32,50000
4,00000	32,60000
4,03030	32,70000
4,03030	32,80000
4,06061	32,90000
4,09091	33,00000
4,09091	33,10000
4,12121	33,20000
4,12121	33,30000
4,15152	33,40000
4,15152	33,50000
4,18182	33,60000
4,18182	33,70000
4,21212	33,80000
4,24242	33,90000
4,24242	34,00000
4,27273	34,10000
4,27273	34,20000
4,30303	34,30000
4,33333	34,40000
4,33333	34,50000
4,36364	34,60000
4,39394	34,70000
4,39394	34,80000
4,42424	34,90000
4,42424	35,00000
4,45455	35,10000
4,45455	35,20000
4,48485	35,30000
4,48485	35,40000
4,51515	35,50000
4,54545	35,60000
4,54545	35,70000
4,57576	35,80000
4,60606	35,90000
4,60606	36,00000
4,63636	36,10000
4,63636	36,20000
4,66667	36,30000
4,69697	36,40000
4,69697	36,50000
4,72727	36,60000
4,72727	36,70000
4,75758	36,80000
4,75758	36,90000
4,78788	37,00000
4,81818	37,10000
4,81818	37,20000
4,84848	37,30000
4,84848	37,40000
4,87879	37,50000
4,90909	37,60000
4,90909	37,70000
4,93939	37,80000
4,96970	37,90000
4,96970	38,00000
5,00000	38,10000
5,00000	38,20000
5,03030	38,30000
5,06061	38,40000
5,06061	38,50000
5,09091	38,60000
5,09091	38,70000
5,12121	38,80000
5,12121	38,90000
5,15152	39,00000
5,18182	39,10000
5,18182	39,20000
5,21212	39,30000
5,24242	39,40000
5,24242	39,50000
5,27273	39,60000
5,27273	39,70000
5,30303	39,80000
5,33333	39,90000
5,33333	40,00000
5,36364	40,10000
5,36364	40,20000
5,39394	40,30000
5,42424	40,40000
5,42424	40,50000
5,45455	40,60000
5,45455	40,70000
5,48485	40,80000
5,51515	40,90000
5,51515	41,00000
5,54545	41,10000
5,54545	41,20000
5,57576	41,30000
5,57576	41,40000
5,60606	41,50000
5,60606	41,60000
5,63636	41,70000
5,63636	41,80000
5,63636	41,90000
5,66667	42,00000
5,66667	42,10000
5,69697	42,20000
5,72727	42,30000
5,72727	42,40000
5,75758	42,50000
5,78788	42,60000
5,78788	42,70000
5,81818	42,80000
5,84848	42,90000
5,84848	43,00000
5,87879	43,10000
5,90909	43,20000
5,90909	43,30000
5,93939	43,40000
5,96970	43,50000
5,96970	43,60000
6,00000	43,70000
6,00000	43,80000
6,03030	43,90000
6,06061	44,00000
6,06061	44,10000
6,09091	44,20000
6,09091	44,30000
6,12121	44,40000
6,15152	44,50000
6,15152	44,60000
6,18182	44,70000
6,18182	44,80000
6,21212	44,90000
6,24242	45,00000
6,24242	45,10000
6,27273	45,20000
6,30303	45,30000
6,30303	45,40000
6,33333	45,50000
6,36364	45,60000
6,39394	45,70000
6,39394	45,80000
6,39394	45,90000
6,42424	46,00000
6,45455	46,10000
6,48485	46,20000
6,48485	46,30000
6,51515	46,40000
6,51515	46,50000
6,54545	46,60000
6,57576	46,70000
6,57576	46,80000
6,60606	46,90000
6,60606	47,00000
6,63636	47,10000
6,66667	47,20000
6,69697	47,30000
6,69697	47,40000
6,72727	47,50000
6,75758	47,60000
6,75758	47,70000
6,78788	47,80000
6,81818	47,90000
6,81818	48,00000
6,84848	48,10000
6,87879	48,20000
6,87879	48,30000
6,90909	48,40000
6,90909	48,50000
6,93939	48,60000
6,96970	48,70000
6,96970	48,80000
7,00000	48,90000
7,02970	49,00000
7,02970	49,10000
7,05941	49,20000
7,08911	49,30000
7,08911	49,40000
7,11881	49,50000
7,14851	49,60000
7,14851	49,70000
7,17822	49,80000
7,20792	49,90000
7,20792	50,00000
7,23762	50,10000
7,26733	50,20000
7,26733	50,30000
7,29703	50,40000
7,32673	50,50000
7,32673	50,60000
7,35644	50,70000
7,35644	50,80000
7,38614	50,90000
7,41584	51,00000
7,44554	51,10000
7,44554	51,20000
7,47525	51,30000
7,47525	51,40000
7,50495	51,50000
7,53465	51,60000
7,56436	51,70000
7,56436	51,80000
7,59406	51,90000
7,62376	52,00000
7,62376	52,10000
7,65347	52,20000
7,68317	52,30000
7,68317	52,40000
7,71287	52,50000
7,74257	52,60000
7,77228	52,70000
7,77228	52,80000
7,80198	52,90000
7,83168	53,00000
7,86139	53,10000
7,86139	53,20000
7,89109	53,30000
7,92079	53,40000
7,92079	53,50000
7,95049	53,60000
7,98020	53,70000
7,98020	53,80000
8,00990	53,90000
8,03960	54,00000
8,03960	54,10000
8,06931	54,20000
8,09901	54,30000
8,12871	54,40000
8,12871	54,50000
8,15842	54,60000
8,18812	54,70000
8,21782	54,80000
8,21782	54,90000
8,24753	55,00000
8,24753	55,10000
8,27723	55,20000
8,30693	55,30000
8,30693	55,40000
8,33663	55,50000
8,36634	55,60000
8,36634	55,70000
8,39604	55,80000
8,42574	55,90000
8,42574	56,00000
8,45545	56,10000
8,48515	56,20000
8,48515	56,30000
8,51485	56,40000
8,54455	56,50000
8,54455	56,60000
8,57426	56,70000
8,60396	56,80000
8,63366	56,90000
8,66337	57,00000
8,66337	57,10000
8,69307	57,20000
8,72277	57,30000
8,72277	57,40000
8,75247	57,50000
8,78218	57,60000
8,78218	57,70000
8,81188	57,80000
8,84158	57,90000
8,87129	58,00000
8,87129	58,10000
8,90099	58,20000
8,93069	58,30000
8,93069	58,40000
8,96040	58,50000
8,99010	58,60000
9,01980	58,70000
9,01980	58,80000
9,04950	58,90000
9,07921	59,00000
9,10891	59,10000
9,10891	59,20000
9,13861	59,30000
9,16832	59,40000
9,16832	59,50000
9,19802	59,60000
9,22772	59,70000
9,22772	59,80000
9,25743	59,90000
9,28713	60,00000
9,31683	60,10000
9,31683	60,20000
9,34653	60,30000
9,37624	60,40000
9,37624	60,50000
9,40594	60,60000
9,43564	60,70000
9,46535	60,80000
9,49505	60,90000
9,49505	61,00000
9,52475	61,10000
9,52475	61,20000
9,55446	61,30000
9,58416	61,40000
9,61386	61,50000
9,64356	61,60000
9,67327	61,70000
9,67327	61,80000
9,70297	61,90000
9,73267	62,00000
9,73267	62,10000
9,76238	62,20000
9,79208	62,30000
9,82178	62,40000
9,82178	62,50000
9,88119	62,60000
9,88119	62,70000
9,91089	62,80000
9,91089	62,90000
9,94059	63,00000
9,97030	63,10000
10,00000	63,20000
10,00000	63,30000
10,03012	63,40000
10,06024	63,50000
10,09036	63,60000
10,12048	63,70000
10,12048	63,80000
10,15060	63,90000
10,18072	64,00000
10,21084	64,10000
10,24096	64,20000
10,24096	64,30000
10,30120	64,40000
10,33132	64,50000
10,33132	64,60000
10,36145	64,70000
10,39157	64,80000
10,42169	64,90000
10,42169	65,00000
10,45181	65,10000
10,48193	65,20000
10,51205	65,30000
10,54217	65,40000
10,54217	65,50000
10,57229	65,60000
10,60241	65,70000
10,63253	65,80000
10,66265	65,90000
10,69277	66,00000
10,72289	66,10000
10,75301	66,20000
10,78313	66,30000
10,81325	66,40000
10,81325	66,50000
10,84337	66,60000
10,87349	66,70000
10,90361	66,80000
10,93373	66,90000
10,93373	67,00000
10,96386	67,10000
10,99398	67,20000
11,02410	67,30000
11,05422	67,40000
11,08434	67,50000
11,11446	67,60000
11,14458	67,70000
11,17470	67,80000
11,17470	67,90000
11,20482	68,00000
11,23494	68,10000
11,26506	68,20000
11,29518	68,30000
11,32530	68,40000
11,35542	68,50000
11,38554	68,60000
11,41566	68,70000
11,41566	68,80000
11,44578	68,90000
11,47590	69,00000
11,50602	69,10000
11,53614	69,20000
11,56627	69,30000
11,59639	69,40000
11,62651	69,50000
11,65663	69,60000
11,68675	69,70000
11,68675	69,80000
11,71687	69,90000
11,74699	70,00000
11,77711	70,10000
11,80723	70,20000
11,83735	70,30000
11,86747	70,40000
11,89759	70,50000
11,92771	70,60000
11,95783	70,70000
11,95783	70,80000
11,98795	70,90000
12,01807	71,00000
12,04819	71,10000
12,07831	71,20000
12,10843	71,30000
12,13855	71,40000
12,16867	71,50000
12,19879	71,60000
12,22892	71,70000
12,25904	71,80000
12,28916	71,90000
12,31928	72,00000
12,34940	72,10000
12,37952	72,20000
12,40964	72,30000
12,43976	72,40000
12,46988	72,50000
12,50000	72,60000
12,53012	72,70000
12,56024	72,80000
12,59036	72,90000
12,59036	73,00000
12,62048	73,10000
12,65060	73,20000
12,68072	73,30000
12,71084	73,40000
12,74096	73,50000
12,77108	73,60000
12,80120	73,70000
12,83133	73,80000
12,86145	73,90000
12,89157	74,00000
12,92169	74,10000
12,95181	74,20000
12,98193	74,30000
13,01205	74,40000
13,04217	74,50000
13,07229	74,60000
13,10241	74,70000
13,13253	74,80000
13,16265	74,90000
13,19277	75,00000
13,22289	75,10000
13,25301	75,20000
13,28313	75,30000
13,31325	75,40000
13,34337	75,50000
13,37349	75,60000
13,43373	75,70000
13,46386	75,80000
13,46386	75,90000
13,49398	76,00000
13,52410	76,10000
13,55422	76,20000
13,58434	76,30000
13,61446	76,40000
13,64458	76,50000
13,67470	76,60000
13,70482	76,70000
13,73494	76,80000
13,76506	76,90000
13,79518	77,00000
13,82530	77,10000
13,85542	77,20000
13,88554	77,30000
13,91566	77,40000
13,94578	77,50000
13,97590	77,60000
14,00602	77,70000
14,03614	77,80000
14,06627	77,90000
14,09639	78,00000
14,12651	78,10000
14,18675	78,20000
14,21687	78,30000
14,24699	78,40000
14,27711	78,50000
14,30723	78,60000
14,33735	78,70000
14,36747	78,80000
14,39759	78,90000
14,42771	79,00000
14,45783	79,10000
14,48795	79,20000
14,51807	79,30000
14,54819	79,40000
14,60843	79,50000
14,63855	79,60000
14,66867	79,70000
14,69879	79,80000
14,72892	79,90000
14,75904	80,00000
14,78916	80,10000
14,81928	80,20000
14,84940	80,30000
14,87952	80,40000
14,93976	80,50000
14,96988	80,60000
15,00000	80,70000
15,03012	80,80000
15,06024	80,90000
15,09036	81,00000
15,12048	81,10000
15,15060	81,20000
15,18072	81,30000
15,21084	81,40000
15,27108	81,50000
15,30120	81,60000
15,33133	81,70000
15,36145	81,80000
15,39157	81,90000
15,42169	82,00000
15,45181	82,10000
15,48193	82,20000
15,51205	82,30000
15,54217	82,40000
15,57229	82,50000
15,63253	82,60000
15,63253	82,70000
15,69277	82,80000
15,72289	82,90000
15,75301	83,00000
15,78313	83,10000
15,81325	83,20000
15,84337	83,30000
15,87349	83,40000
15,90361	83,50000
15,93373	83,60000
15,96386	83,70000
15,99398	83,80000
16,02410	83,90000
16,05422	84,00000
16,08434	84,10000
16,11446	84,20000
16,14458	84,30000
16,17470	84,40000
16,20482	84,50000
16,23494	84,60000
16,26506	84,70000
16,29518	84,80000
16,29518	84,90000
16,32530	85,00000
16,35542	85,10000
16,38554	85,20000
16,41566	85,30000
16,41566	85,40000
16,44578	85,50000
16,44578	85,60000
16,44578	85,70000
16,47590	85,80000
16,47590	85,90000
16,50603	86,00000
15,57229	86,10000
6,03030	86,20000
4,15152	86,30000
4,00000	86,40000
3,84848	86,50000
3,72727	86,60000
3,66667	86,70000
3,60606	86,80000
3,57576	86,90000
