HBM_CATMAN12_DATAFILE
22/03/10
08:46
CHANNELS: 2
SEPARATOR: 9
MAXLINES: 776

Cel 500Kg	T(Cel 500Kg)
kgf	s
5	5

0,03030	0,00000
0,03030	0,10000
0,03030	0,20000
0,03030	0,30000
0,03030	0,40000
0,03030	0,50000
0,03030	0,60000
0,03030	0,70000
0,03030	0,80000
0,03030	0,90000
0,03030	1,00000
0,03030	1,10000
0,03030	1,20000
0,03030	1,30000
0,03030	1,40000
0,03030	1,50000
0,03030	1,60000
0,03030	1,70000
0,03030	1,80000
0,03030	1,90000
0,03030	2,00000
0,03030	2,10000
0,03030	2,20000
0,06061	2,30000
0,03030	2,40000
0,03030	2,50000
0,03030	2,60000
0,03030	2,70000
0,06061	2,80000
0,06061	2,90000
0,03030	3,00000
0,03030	3,10000
0,06061	3,20000
0,06061	3,30000
0,06061	3,40000
0,06061	3,50000
0,06061	3,60000
0,06061	3,70000
0,06061	3,80000
0,06061	3,90000
0,06061	4,00000
0,06061	4,10000
0,06061	4,20000
0,06061	4,30000
0,09091	4,40000
0,09091	4,50000
0,09091	4,60000
0,09091	4,70000
0,09091	4,80000
0,09091	4,90000
0,09091	5,00000
0,09091	5,10000
0,09091	5,20000
0,09091	5,30000
0,09091	5,40000
0,12121	5,50000
0,12121	5,60000
0,12121	5,70000
0,12121	5,80000
0,12121	5,90000
0,12121	6,00000
0,12121	6,10000
0,12121	6,20000
0,12121	6,30000
0,15152	6,40000
0,15152	6,50000
0,15152	6,60000
0,15152	6,70000
0,15152	6,80000
0,15152	6,90000
0,15152	7,00000
0,15152	7,10000
0,18182	7,20000
0,18182	7,30000
0,18182	7,40000
0,18182	7,50000
0,18182	7,60000
0,18182	7,70000
0,18182	7,80000
0,18182	7,90000
0,18182	8,00000
0,21212	8,10000
0,21212	8,20000
0,21212	8,30000
0,21212	8,40000
0,21212	8,50000
0,21212	8,60000
0,24242	8,70000
0,24242	8,80000
0,24242	8,90000
0,24242	9,00000
0,24242	9,10000
0,24242	9,20000
0,27273	9,30000
0,27273	9,40000
0,27273	9,50000
0,27273	9,60000
0,27273	9,70000
0,30303	9,80000
0,30303	9,90000
0,30303	10,00000
0,30303	10,10000
0,30303	10,20000
0,30303	10,30000
0,33333	10,40000
0,33333	10,50000
0,33333	10,60000
0,33333	10,70000
0,33333	10,80000
0,36364	10,90000
0,36364	11,00000
0,36364	11,10000
0,36364	11,20000
0,36364	11,30000
0,36364	11,40000
0,39394	11,50000
0,39394	11,60000
0,39394	11,70000
0,42424	11,80000
0,42424	11,90000
0,42424	12,00000
0,42424	12,10000
0,45455	12,20000
0,45455	12,30000
0,45455	12,40000
0,48485	12,50000
0,48485	12,60000
0,48485	12,70000
0,51515	12,80000
0,51515	12,90000
0,51515	13,00000
0,51515	13,10000
0,51515	13,20000
0,54545	13,30000
0,54545	13,40000
0,57576	13,50000
0,57576	13,60000
0,57576	13,70000
0,60606	13,80000
0,60606	13,90000
0,60606	14,00000
0,63636	14,10000
0,63636	14,20000
0,63636	14,30000
0,66667	14,40000
0,66667	14,50000
0,66667	14,60000
0,69697	14,70000
0,69697	14,80000
0,72727	14,90000
0,72727	15,00000
0,75758	15,10000
0,75758	15,20000
0,75758	15,30000
0,78788	15,40000
0,78788	15,50000
0,81818	15,60000
0,81818	15,70000
0,84848	15,80000
0,84848	15,90000
0,87879	16,00000
0,87879	16,10000
0,90909	16,20000
0,90909	16,30000
0,90909	16,40000
0,93939	16,50000
0,96970	16,60000
0,96970	16,70000
0,96970	16,80000
1,00000	16,90000
1,03030	17,00000
1,03030	17,10000
1,06061	17,20000
1,06061	17,30000
1,09091	17,40000
1,09091	17,50000
1,12121	17,60000
1,15152	17,70000
1,15152	17,80000
1,18182	17,90000
1,18182	18,00000
1,21212	18,10000
1,24242	18,20000
1,24242	18,30000
1,27273	18,40000
1,27273	18,50000
1,30303	18,60000
1,33333	18,70000
1,33333	18,80000
1,36364	18,90000
1,39394	19,00000
1,42424	19,10000
1,42424	19,20000
1,45455	19,30000
1,48485	19,40000
1,48485	19,50000
1,51515	19,60000
1,54545	19,70000
1,54545	19,80000
1,57576	19,90000
1,60606	20,00000
1,60606	20,10000
1,63636	20,20000
1,66667	20,30000
1,66667	20,40000
1,69697	20,50000
1,72727	20,60000
1,75758	20,70000
1,75758	20,80000
1,78788	20,90000
1,81818	21,00000
1,81818	21,10000
1,84848	21,20000
1,87879	21,30000
1,87879	21,40000
1,90909	21,50000
1,93939	21,60000
1,93939	21,70000
1,96970	21,80000
1,96970	21,90000
1,96970	22,00000
2,00000	22,10000
2,03030	22,20000
2,03030	22,30000
2,06061	22,40000
2,06061	22,50000
2,09091	22,60000
2,09091	22,70000
2,12121	22,80000
2,15152	22,90000
2,15152	23,00000
2,18182	23,10000
2,21212	23,20000
2,21212	23,30000
2,24242	23,40000
2,24242	23,50000
2,27273	23,60000
2,30303	23,70000
2,30303	23,80000
2,33333	23,90000
2,36364	24,00000
2,36364	24,10000
2,39394	24,20000
2,42424	24,30000
2,45455	24,40000
2,45455	24,50000
2,48485	24,60000
2,51515	24,70000
2,54545	24,80000
2,57576	24,90000
2,60606	25,00000
2,63636	25,10000
2,63636	25,20000
2,66667	25,30000
2,69697	25,40000
2,69697	25,50000
2,72727	25,60000
2,75758	25,70000
2,75758	25,80000
2,78788	25,90000
2,81818	26,00000
2,81818	26,10000
2,84848	26,20000
2,87879	26,30000
2,87879	26,40000
2,90909	26,50000
2,93939	26,60000
2,93939	26,70000
2,96970	26,80000
3,00000	26,90000
3,00000	27,00000
3,03030	27,10000
3,06061	27,20000
3,06061	27,30000
3,09091	27,40000
3,12121	27,50000
3,12121	27,60000
3,15152	27,70000
3,18182	27,80000
3,18182	27,90000
3,21212	28,00000
3,24242	28,10000
3,24242	28,20000
3,27273	28,30000
3,30303	28,40000
3,30303	28,50000
3,33333	28,60000
3,33333	28,70000
3,36364	28,80000
3,39394	28,90000
3,42424	29,00000
3,42424	29,10000
3,45455	29,20000
3,45455	29,30000
3,48485	29,40000
3,48485	29,50000
3,51515	29,60000
3,54545	29,70000
3,57576	29,80000
3,57576	29,90000
3,60606	30,00000
3,60606	30,10000
3,63636	30,20000
3,66667	30,30000
3,66667	30,40000
3,69697	30,50000
3,69697	30,60000
3,72727	30,70000
3,72727	30,80000
3,75758	30,90000
3,78788	31,00000
3,78788	31,10000
3,81818	31,20000
3,81818	31,30000
3,84848	31,40000
3,87879	31,50000
3,87879	31,60000
3,90909	31,70000
3,90909	31,80000
3,93939	31,90000
3,96970	32,00000
3,96970	32,10000
4,00000	32,20000
4,00000	32,30000
4,03030	32,40000
4,03030	32,50000
4,06061	32,60000
4,09091	32,70000
4,09091	32,80000
4,12121	32,90000
4,12121	33,00000
4,15152	33,10000
4,18182	33,20000
4,18182	33,30000
4,21212	33,40000
4,21212	33,50000
4,24242	33,60000
4,27273	33,70000
4,27273	33,80000
4,30303	33,90000
4,30303	34,00000
4,33333	34,10000
4,33333	34,20000
4,36364	34,30000
4,39394	34,40000
4,39394	34,50000
4,42424	34,60000
4,42424	34,70000
4,45455	34,80000
4,48485	34,90000
4,51515	35,00000
4,51515	35,10000
4,54545	35,20000
4,54545	35,30000
4,57576	35,40000
4,57576	35,50000
4,60606	35,60000
4,63636	35,70000
4,63636	35,80000
4,66667	35,90000
4,66667	36,00000
4,69697	36,10000
4,72727	36,20000
4,75758	36,30000
4,75758	36,40000
4,78788	36,50000
4,78788	36,60000
4,81818	36,70000
4,81818	36,80000
4,84848	36,90000
4,84848	37,00000
4,87879	37,10000
4,90909	37,20000
4,90909	37,30000
4,93939	37,40000
4,96970	37,50000
4,96970	37,60000
5,00000	37,70000
5,03030	37,80000
5,03030	37,90000
5,06061	38,00000
5,06061	38,10000
5,09091	38,20000
5,09091	38,30000
5,12121	38,40000
5,15152	38,50000
5,15152	38,60000
5,18182	38,70000
5,18182	38,80000
5,21212	38,90000
5,24242	39,00000
5,24242	39,10000
5,27273	39,20000
5,30303	39,30000
5,30303	39,40000
5,30303	39,50000
5,33333	39,60000
5,36364	39,70000
5,36364	39,80000
5,39394	39,90000
5,42424	40,00000
5,42424	40,10000
5,45455	40,20000
5,45455	40,30000
5,48485	40,40000
5,51515	40,50000
5,51515	40,60000
5,54545	40,70000
5,54545	40,80000
5,57576	40,90000
5,60606	41,00000
5,60606	41,10000
5,60606	41,20000
5,63636	41,30000
5,66667	41,40000
5,66667	41,50000
5,69697	41,60000
5,69697	41,70000
5,69697	41,80000
5,69697	41,90000
5,72727	42,00000
5,75758	42,10000
5,75758	42,20000
5,78788	42,30000
5,81818	42,40000
5,81818	42,50000
5,84848	42,60000
5,87879	42,70000
5,90909	42,80000
5,93939	42,90000
5,93939	43,00000
5,96970	43,10000
6,00000	43,20000
6,00000	43,30000
6,03030	43,40000
6,03030	43,50000
6,06061	43,60000
6,09091	43,70000
6,09091	43,80000
6,09091	43,90000
6,12121	44,00000
6,15152	44,10000
6,18182	44,20000
6,18182	44,30000
6,21212	44,40000
6,21212	44,50000
6,24242	44,60000
6,24242	44,70000
6,27273	44,80000
6,30303	44,90000
6,30303	45,00000
6,33333	45,10000
6,33333	45,20000
6,36364	45,30000
6,36364	45,40000
6,39394	45,50000
6,42424	45,60000
6,42424	45,70000
6,45455	45,80000
6,45455	45,90000
6,48485	46,00000
6,51515	46,10000
6,51515	46,20000
6,54545	46,30000
6,57576	46,40000
6,57576	46,50000
6,60606	46,60000
6,60606	46,70000
6,63636	46,80000
6,63636	46,90000
6,66667	47,00000
6,69697	47,10000
6,72727	47,20000
6,72727	47,30000
6,75758	47,40000
6,78788	47,50000
6,78788	47,60000
6,81818	47,70000
6,84848	47,80000
6,84848	47,90000
6,87879	48,00000
6,90909	48,10000
6,90909	48,20000
6,93939	48,30000
6,93939	48,40000
6,96970	48,50000
7,00000	48,60000
7,02970	48,70000
7,02970	48,80000
7,05941	48,90000
7,05941	49,00000
7,08911	49,10000
7,08911	49,20000
7,11881	49,30000
7,14851	49,40000
7,14851	49,50000
7,17822	49,60000
7,20792	49,70000
7,20792	49,80000
7,23762	49,90000
7,26733	50,00000
7,29703	50,10000
7,29703	50,20000
7,32673	50,30000
7,32673	50,40000
7,35644	50,50000
7,38614	50,60000
7,38614	50,70000
7,41584	50,80000
7,41584	50,90000
7,44554	51,00000
7,47525	51,10000
7,47525	51,20000
7,50495	51,30000
7,53465	51,40000
7,53465	51,50000
7,56436	51,60000
7,56436	51,70000
7,59406	51,80000
7,62376	51,90000
7,62376	52,00000
7,65347	52,10000
7,68317	52,20000
7,68317	52,30000
7,71287	52,40000
7,74257	52,50000
7,74257	52,60000
7,77228	52,70000
7,80198	52,80000
7,80198	52,90000
7,83168	53,00000
7,86139	53,10000
7,86139	53,20000
7,89109	53,30000
7,89109	53,40000
7,92079	53,50000
7,95049	53,60000
7,95049	53,70000
7,98020	53,80000
8,00990	53,90000
8,03960	54,00000
8,06931	54,10000
8,06931	54,20000
8,09901	54,30000
8,09901	54,40000
8,12871	54,50000
8,15842	54,60000
8,18812	54,70000
8,18812	54,80000
8,21782	54,90000
8,24753	55,00000
8,24753	55,10000
8,27723	55,20000
8,30693	55,30000
8,30693	55,40000
8,33663	55,50000
8,36634	55,60000
8,36634	55,70000
8,39604	55,80000
8,42574	55,90000
8,42574	56,00000
8,45545	56,10000
8,45545	56,20000
8,48515	56,30000
8,51485	56,40000
8,54455	56,50000
8,54455	56,60000
8,57426	56,70000
8,60396	56,80000
8,60396	56,90000
8,63366	57,00000
8,63366	57,10000
8,66337	57,20000
8,69307	57,30000
8,69307	57,40000
8,72277	57,50000
8,72277	57,60000
8,78218	57,70000
8,78218	57,80000
8,78218	57,90000
8,81188	58,00000
8,84158	58,10000
8,87129	58,20000
8,87129	58,30000
8,90099	58,40000
8,93069	58,50000
8,96040	58,60000
8,99010	58,70000
8,99010	58,80000
9,01980	58,90000
9,01980	59,00000
9,04950	59,10000
9,04950	59,20000
9,07921	59,30000
9,10891	59,40000
9,13861	59,50000
9,13861	59,60000
9,16832	59,70000
9,16832	59,80000
9,19802	59,90000
9,22772	60,00000
9,22772	60,10000
9,25743	60,20000
9,28713	60,30000
9,28713	60,40000
9,31683	60,50000
9,34653	60,60000
9,34653	60,70000
9,37624	60,80000
9,40594	60,90000
9,40594	61,00000
9,43564	61,10000
9,43564	61,20000
9,46535	61,30000
9,49505	61,40000
9,49505	61,50000
9,52475	61,60000
9,52475	61,70000
9,55446	61,80000
9,58416	61,90000
9,61386	62,00000
9,61386	62,10000
9,64356	62,20000
9,67327	62,30000
9,67327	62,40000
9,70297	62,50000
9,73267	62,60000
9,73267	62,70000
9,76238	62,80000
9,79208	62,90000
9,79208	63,00000
9,82178	63,10000
9,85148	63,20000
9,85148	63,30000
9,88119	63,40000
9,88119	63,50000
9,91089	63,60000
9,94059	63,70000
9,97030	63,80000
9,97030	63,90000
10,00000	64,00000
10,03012	64,10000
10,03012	64,20000
10,06024	64,30000
10,06024	64,40000
10,09036	64,50000
10,12048	64,60000
10,12048	64,70000
10,15060	64,80000
10,18072	64,90000
10,21084	65,00000
10,21084	65,10000
10,24096	65,20000
10,24096	65,30000
10,27108	65,40000
10,30120	65,50000
10,33132	65,60000
10,33132	65,70000
10,36145	65,80000
10,39157	65,90000
10,42169	66,00000
10,45181	66,10000
10,45181	66,20000
10,48193	66,30000
10,48193	66,40000
10,51205	66,50000
10,54217	66,60000
10,57229	66,70000
10,57229	66,80000
10,60241	66,90000
10,63253	67,00000
10,66265	67,10000
10,66265	67,20000
10,69277	67,30000
10,72289	67,40000
10,75301	67,50000
10,75301	67,60000
10,78313	67,70000
10,81325	67,80000
10,84337	67,90000
10,84337	68,00000
10,87349	68,10000
10,90361	68,20000
10,93373	68,30000
10,93373	68,40000
10,96386	68,50000
10,99398	68,60000
11,02410	68,70000
11,02410	68,80000
11,05422	68,90000
11,08434	69,00000
11,11446	69,10000
11,11446	69,20000
11,14458	69,30000
11,14458	69,40000
11,17470	69,50000
11,20482	69,60000
11,23494	69,70000
11,23494	69,80000
11,26506	69,90000
11,29518	70,00000
11,29518	70,10000
11,32530	70,20000
11,35542	70,30000
11,35542	70,40000
11,38554	70,50000
11,41566	70,60000
11,41566	70,70000
11,44578	70,80000
11,44578	70,90000
11,47590	71,00000
11,50602	71,10000
11,53614	71,20000
11,56627	71,30000
11,56627	71,40000
11,59639	71,50000
11,59639	71,60000
11,62651	71,70000
11,62651	71,80000
11,65663	71,90000
11,68675	72,00000
11,68675	72,10000
11,71687	72,20000
11,71687	72,30000
11,74699	72,40000
11,74699	72,50000
11,77711	72,60000
11,80723	72,70000
11,80723	72,80000
11,83735	72,90000
11,83735	73,00000
11,86747	73,10000
11,86747	73,20000
11,86747	73,30000
11,89759	73,40000
11,89759	73,50000
11,92771	73,60000
11,92771	73,70000
11,95783	73,80000
11,95783	73,90000
11,98795	74,00000
11,98795	74,10000
11,98795	74,20000
12,01807	74,30000
12,01807	74,40000
12,01807	74,50000
12,01807	74,60000
12,01807	74,70000
12,04819	74,80000
12,04819	74,90000
12,04819	75,00000
12,04819	75,10000
12,07831	75,20000
12,07831	75,30000
12,07831	75,40000
12,04819	75,50000
12,04819	75,60000
11,95783	75,70000
10,99398	75,80000
10,63253	75,90000
10,51205	76,00000
10,42169	76,10000
10,39157	76,20000
10,33132	76,30000
10,27108	76,40000
10,21084	76,50000
10,18072	76,60000
10,15060	76,70000
10,12048	76,80000
10,06024	76,90000
10,06024	77,00000
10,03012	77,10000
10,00000	77,20000
9,94059	77,30000
9,88119	77,40000
9,82178	77,50000
