HBM_CATMAN12_DATAFILE
22/03/10
08:48
CHANNELS: 2
SEPARATOR: 9
MAXLINES: 746

Cel 500Kg	T(Cel 500Kg)
kgf	s
5	5

0,03030	0,00000
0,03030	0,10000
-992,96973	0,20000
0,03030	0,30000
0,03030	0,40000
0,03030	0,50000
0,03030	0,60000
0,03030	0,70000
0,03030	0,80000
0,03030	0,90000
0,03030	1,00000
0,03030	1,10000
0,03030	1,20000
0,03030	1,30000
0,03030	1,40000
0,03030	1,50000
0,03030	1,60000
0,03030	1,70000
0,03030	1,80000
0,03030	1,90000
0,03030	2,00000
0,03030	2,10000
0,03030	2,20000
0,03030	2,30000
0,03030	2,40000
0,03030	2,50000
0,03030	2,60000
0,03030	2,70000
0,03030	2,80000
0,03030	2,90000
0,03030	3,00000
0,03030	3,10000
0,03030	3,20000
0,03030	3,30000
0,03030	3,40000
0,03030	3,50000
0,03030	3,60000
0,03030	3,70000
0,03030	3,80000
0,03030	3,90000
0,03030	4,00000
0,03030	4,10000
0,03030	4,20000
0,03030	4,30000
0,03030	4,40000
0,03030	4,50000
0,03030	4,60000
0,03030	4,70000
0,03030	4,80000
0,03030	4,90000
0,03030	5,00000
0,03030	5,10000
0,03030	5,20000
0,03030	5,30000
0,03030	5,40000
0,03030	5,50000
0,03030	5,60000
0,03030	5,70000
0,03030	5,80000
0,03030	5,90000
0,03030	6,00000
0,03030	6,10000
0,03030	6,20000
0,03030	6,30000
0,03030	6,40000
0,03030	6,50000
0,03030	6,60000
0,03030	6,70000
0,03030	6,80000
0,03030	6,90000
0,03030	7,00000
0,03030	7,10000
0,03030	7,20000
0,03030	7,30000
0,03030	7,40000
0,03030	7,50000
0,03030	7,60000
0,03030	7,70000
0,03030	7,80000
0,03030	7,90000
0,03030	8,00000
0,03030	8,10000
0,03030	8,20000
0,03030	8,30000
0,03030	8,40000
0,03030	8,50000
0,03030	8,60000
0,03030	8,70000
0,06061	8,80000
0,03030	8,90000
0,03030	9,00000
0,03030	9,10000
0,06061	9,20000
0,06061	9,30000
0,03030	9,40000
0,06061	9,50000
0,03030	9,60000
0,06061	9,70000
0,06061	9,80000
0,06061	9,90000
0,06061	10,00000
0,06061	10,10000
0,06061	10,20000
0,06061	10,30000
0,06061	10,40000
0,06061	10,50000
0,06061	10,60000
0,06061	10,70000
0,09091	10,80000
0,09091	10,90000
0,09091	11,00000
0,09091	11,10000
0,09091	11,20000
0,09091	11,30000
0,09091	11,40000
0,09091	11,50000
0,09091	11,60000
0,09091	11,70000
0,09091	11,80000
0,09091	11,90000
0,09091	12,00000
0,09091	12,10000
0,09091	12,20000
0,09091	12,30000
0,09091	12,40000
0,09091	12,50000
0,09091	12,60000
0,09091	12,70000
0,09091	12,80000
0,12121	12,90000
0,12121	13,00000
0,12121	13,10000
0,12121	13,20000
0,12121	13,30000
0,12121	13,40000
0,12121	13,50000
0,12121	13,60000
0,12121	13,70000
0,12121	13,80000
0,12121	13,90000
0,12121	14,00000
0,12121	14,10000
0,12121	14,20000
0,12121	14,30000
0,12121	14,40000
0,15152	14,50000
0,15152	14,60000
0,15152	14,70000
0,15152	14,80000
0,15152	14,90000
0,15152	15,00000
0,15152	15,10000
0,15152	15,20000
0,15152	15,30000
0,15152	15,40000
0,15152	15,50000
0,15152	15,60000
0,15152	15,70000
0,15152	15,80000
0,15152	15,90000
0,15152	16,00000
0,15152	16,10000
0,15152	16,20000
0,15152	16,30000
0,15152	16,40000
0,18182	16,50000
0,18182	16,60000
0,18182	16,70000
0,18182	16,80000
0,18182	16,90000
0,18182	17,00000
0,18182	17,10000
0,18182	17,20000
0,18182	17,30000
0,18182	17,40000
0,18182	17,50000
0,21212	17,60000
0,21212	17,70000
0,21212	17,80000
0,21212	17,90000
0,21212	18,00000
0,21212	18,10000
0,21212	18,20000
0,21212	18,30000
0,21212	18,40000
0,24242	18,50000
0,24242	18,60000
0,24242	18,70000
0,24242	18,80000
0,24242	18,90000
0,24242	19,00000
0,24242	19,10000
0,24242	19,20000
0,24242	19,30000
0,24242	19,40000
0,27273	19,50000
0,27273	19,60000
0,27273	19,70000
0,27273	19,80000
0,27273	19,90000
0,27273	20,00000
0,27273	20,10000
0,27273	20,20000
0,30303	20,30000
0,30303	20,40000
0,30303	20,50000
0,30303	20,60000
0,30303	20,70000
0,30303	20,80000
0,33333	20,90000
0,33333	21,00000
0,33333	21,10000
0,33333	21,20000
0,33333	21,30000
0,33333	21,40000
0,33333	21,50000
0,33333	21,60000
0,33333	21,70000
0,36364	21,80000
0,36364	21,90000
0,36364	22,00000
0,36364	22,10000
0,36364	22,20000
0,36364	22,30000
0,39394	22,40000
0,39394	22,50000
0,39394	22,60000
0,39394	22,70000
0,39394	22,80000
0,39394	22,90000
0,42424	23,00000
0,42424	23,10000
0,42424	23,20000
0,42424	23,30000
0,45455	23,40000
0,45455	23,50000
0,45455	23,60000
0,45455	23,70000
0,48485	23,80000
0,48485	23,90000
0,48485	24,00000
0,48485	24,10000
0,48485	24,20000
0,51515	24,30000
0,51515	24,40000
0,51515	24,50000
0,51515	24,60000
0,51515	24,70000
0,54545	24,80000
0,54545	24,90000
0,54545	25,00000
0,54545	25,10000
0,57576	25,20000
0,57576	25,30000
0,60606	25,40000
0,60606	25,50000
0,60606	25,60000
0,63636	25,70000
0,63636	25,80000
0,66667	25,90000
0,66667	26,00000
0,66667	26,10000
0,66667	26,20000
0,69697	26,30000
0,69697	26,40000
0,69697	26,50000
0,72727	26,60000
0,72727	26,70000
0,72727	26,80000
0,75758	26,90000
0,75758	27,00000
0,75758	27,10000
0,78788	27,20000
0,78788	27,30000
0,78788	27,40000
0,81818	27,50000
0,81818	27,60000
0,84848	27,70000
0,84848	27,80000
0,84848	27,90000
0,84848	28,00000
0,87879	28,10000
0,87879	28,20000
0,90909	28,30000
0,90909	28,40000
0,90909	28,50000
0,93939	28,60000
0,93939	28,70000
0,96970	28,80000
0,96970	28,90000
1,00000	29,00000
1,00000	29,10000
1,00000	29,20000
1,03030	29,30000
1,03030	29,40000
1,03030	29,50000
1,06061	29,60000
1,09091	29,70000
1,09091	29,80000
1,09091	29,90000
1,12121	30,00000
1,12121	30,10000
1,15152	30,20000
1,15152	30,30000
1,18182	30,40000
1,18182	30,50000
1,21212	30,60000
1,21212	30,70000
1,24242	30,80000
1,24242	30,90000
1,27273	31,00000
1,27273	31,10000
1,30303	31,20000
1,30303	31,30000
1,33333	31,40000
1,33333	31,50000
1,36364	31,60000
1,36364	31,70000
1,39394	31,80000
1,39394	31,90000
1,39394	32,00000
1,42424	32,10000
1,42424	32,20000
1,42424	32,30000
1,45455	32,40000
1,45455	32,50000
1,45455	32,60000
1,45455	32,70000
1,48485	32,80000
1,48485	32,90000
1,48485	33,00000
1,51515	33,10000
1,51515	33,20000
1,51515	33,30000
1,54545	33,40000
1,54545	33,50000
1,57576	33,60000
1,57576	33,70000
1,57576	33,80000
1,60606	33,90000
1,60606	34,00000
1,63636	34,10000
1,63636	34,20000
1,66667	34,30000
1,66667	34,40000
1,69697	34,50000
1,69697	34,60000
1,72727	34,70000
1,72727	34,80000
1,75758	34,90000
1,75758	35,00000
1,78788	35,10000
1,81818	35,20000
1,81818	35,30000
1,84848	35,40000
1,84848	35,50000
1,87879	35,60000
1,87879	35,70000
1,90909	35,80000
1,90909	35,90000
1,93939	36,00000
1,93939	36,10000
1,96970	36,20000
2,00000	36,30000
2,00000	36,40000
2,03030	36,50000
2,03030	36,60000
2,06061	36,70000
2,09091	36,80000
2,09091	36,90000
2,12121	37,00000
2,12121	37,10000
2,15152	37,20000
2,15152	37,30000
2,18182	37,40000
2,18182	37,50000
2,21212	37,60000
2,24242	37,70000
2,24242	37,80000
2,27273	37,90000
2,27273	38,00000
2,30303	38,10000
2,33333	38,20000
2,33333	38,30000
2,36364	38,40000
2,36364	38,50000
2,39394	38,60000
2,39394	38,70000
2,42424	38,80000
2,45455	38,90000
2,45455	39,00000
2,48485	39,10000
2,48485	39,20000
2,51515	39,30000
2,54545	39,40000
2,54545	39,50000
2,57576	39,60000
2,57576	39,70000
2,60606	39,80000
2,63636	39,90000
2,63636	40,00000
2,66667	40,10000
2,69697	40,20000
2,69697	40,30000
2,72727	40,40000
2,72727	40,50000
2,75758	40,60000
2,78788	40,70000
2,78788	40,80000
2,81818	40,90000
2,84848	41,00000
2,84848	41,10000
2,87879	41,20000
2,87879	41,30000
2,90909	41,40000
2,90909	41,50000
2,93939	41,60000
2,96970	41,70000
2,96970	41,80000
3,00000	41,90000
3,00000	42,00000
3,03030	42,10000
3,06061	42,20000
3,06061	42,30000
3,09091	42,40000
3,09091	42,50000
3,12121	42,60000
3,15152	42,70000
3,15152	42,80000
3,18182	42,90000
3,21212	43,00000
3,21212	43,10000
3,24242	43,20000
3,27273	43,30000
3,27273	43,40000
3,30303	43,50000
3,33333	43,60000
3,33333	43,70000
3,36364	43,80000
3,39394	43,90000
3,39394	44,00000
3,42424	44,10000
3,42424	44,20000
3,45455	44,30000
3,48485	44,40000
3,48485	44,50000
3,51515	44,60000
3,51515	44,70000
3,54545	44,80000
3,57576	44,90000
3,57576	45,00000
3,60606	45,10000
3,60606	45,20000
3,63636	45,30000
3,63636	45,40000
3,66667	45,50000
3,69697	45,60000
3,69697	45,70000
3,72727	45,80000
3,75758	45,90000
3,75758	46,00000
3,78788	46,10000
3,81818	46,20000
3,84848	46,30000
3,84848	46,40000
3,87879	46,50000
3,87879	46,60000
3,90909	46,70000
3,93939	46,80000
3,93939	46,90000
3,96970	47,00000
4,00000	47,10000
4,00000	47,20000
4,03030	47,30000
4,06061	47,40000
4,09091	47,50000
4,09091	47,60000
4,12121	47,70000
4,15152	47,80000
4,18182	47,90000
4,18182	48,00000
4,21212	48,10000
4,21212	48,20000
4,24242	48,30000
4,27273	48,40000
4,30303	48,50000
4,33333	48,60000
4,33333	48,70000
4,36364	48,80000
4,39394	48,90000
4,39394	49,00000
4,42424	49,10000
4,42424	49,20000
4,45455	49,30000
4,48485	49,40000
4,51515	49,50000
4,51515	49,60000
4,54545	49,70000
4,57576	49,80000
4,57576	49,90000
4,60606	50,00000
4,63636	50,10000
4,63636	50,20000
4,66667	50,30000
4,69697	50,40000
4,72727	50,50000
4,72727	50,60000
4,75758	50,70000
4,75758	50,80000
4,78788	50,90000
4,81818	51,00000
4,84848	51,10000
4,87879	51,20000
4,87879	51,30000
4,90909	51,40000
4,93939	51,50000
4,93939	51,60000
4,96970	51,70000
5,00000	51,80000
5,00000	51,90000
5,03030	52,00000
5,06061	52,10000
5,06061	52,20000
5,09091	52,30000
5,12121	52,40000
5,12121	52,50000
5,15152	52,60000
5,18182	52,70000
5,18182	52,80000
5,21212	52,90000
5,24242	53,00000
5,24242	53,10000
5,27273	53,20000
5,30303	53,30000
5,30303	53,40000
5,33333	53,50000
5,33333	53,60000
5,36364	53,70000
5,39394	53,80000
5,42424	53,90000
5,45455	54,00000
5,45455	54,10000
5,48485	54,20000
5,48485	54,30000
5,48485	54,40000
5,51515	54,50000
5,51515	54,60000
5,54545	54,70000
5,57576	54,80000
5,60606	54,90000
5,63636	55,00000
5,66667	55,10000
5,66667	55,20000
5,69697	55,30000
5,72727	55,40000
5,75758	55,50000
5,75758	55,60000
5,78788	55,70000
5,81818	55,80000
5,81818	55,90000
5,84848	56,00000
5,87879	56,10000
5,87879	56,20000
5,90909	56,30000
5,93939	56,40000
5,96970	56,50000
5,96970	56,60000
6,00000	56,70000
6,03030	56,80000
6,03030	56,90000
6,06061	57,00000
6,09091	57,10000
6,09091	57,20000
6,12121	57,30000
6,15152	57,40000
6,18182	57,50000
6,18182	57,60000
6,21212	57,70000
6,24242	57,80000
6,24242	57,90000
6,27273	58,00000
6,30303	58,10000
6,33333	58,20000
6,33333	58,30000
6,36364	58,40000
6,39394	58,50000
6,42424	58,60000
6,45455	58,70000
6,45455	58,80000
6,48485	58,90000
6,51515	59,00000
6,54545	59,10000
6,54545	59,20000
6,57576	59,30000
6,60606	59,40000
6,60606	59,50000
6,63636	59,60000
6,63636	59,70000
6,66667	59,80000
6,69697	59,90000
6,72727	60,00000
6,72727	60,10000
6,75758	60,20000
6,78788	60,30000
6,78788	60,40000
6,81818	60,50000
6,84848	60,60000
6,84848	60,70000
6,87879	60,80000
6,90909	60,90000
6,93939	61,00000
6,93939	61,10000
6,93939	61,20000
6,96970	61,30000
7,00000	61,40000
7,02970	61,50000
7,02970	61,60000
7,05941	61,70000
7,08911	61,80000
7,08911	61,90000
7,11881	62,00000
7,14851	62,10000
7,17822	62,20000
7,17822	62,30000
7,20792	62,40000
7,20792	62,50000
7,23762	62,60000
7,26733	62,70000
7,29703	62,80000
7,29703	62,90000
7,32673	63,00000
7,35644	63,10000
7,35644	63,20000
7,38614	63,30000
7,41584	63,40000
7,41584	63,50000
7,44554	63,60000
7,47525	63,70000
7,50495	63,80000
7,50495	63,90000
7,53465	64,00000
7,53465	64,10000
7,56436	64,20000
7,59406	64,30000
7,59406	64,40000
7,62376	64,50000
7,65347	64,60000
7,65347	64,70000
7,68317	64,80000
7,71287	64,90000
7,74257	65,00000
7,74257	65,10000
7,77228	65,20000
7,80198	65,30000
7,80198	65,40000
7,83168	65,50000
7,86139	65,60000
7,89109	65,70000
7,89109	65,80000
7,92079	65,90000
7,95049	66,00000
7,95049	66,10000
7,98020	66,20000
8,00990	66,30000
8,00990	66,40000
8,03960	66,50000
8,03960	66,60000
8,06931	66,70000
8,06931	66,80000
8,09901	66,90000
8,12871	67,00000
8,12871	67,10000
8,15842	67,20000
8,18812	67,30000
8,18812	67,40000
8,21782	67,50000
8,21782	67,60000
8,24753	67,70000
8,24753	67,80000
8,27723	67,90000
8,27723	68,00000
8,30693	68,10000
8,33663	68,20000
8,33663	68,30000
8,36634	68,40000
8,36634	68,50000
8,39604	68,60000
8,42574	68,70000
8,42574	68,80000
8,45545	68,90000
8,48515	69,00000
8,48515	69,10000
8,48515	69,20000
8,51485	69,30000
8,54455	69,40000
8,54455	69,50000
8,57426	69,60000
8,57426	69,70000
8,60396	69,80000
8,63366	69,90000
8,63366	70,00000
8,66337	70,10000
8,66337	70,20000
8,69307	70,30000
8,72277	70,40000
8,72277	70,50000
8,75247	70,60000
8,75247	70,70000
8,78218	70,80000
8,78218	70,90000
8,81188	71,00000
8,81188	71,10000
8,81188	71,20000
8,84158	71,30000
8,84158	71,40000
8,87129	71,50000
8,87129	71,60000
8,90099	71,70000
8,90099	71,80000
8,93069	71,90000
8,93069	72,00000
8,93069	72,10000
8,96040	72,20000
8,96040	72,30000
8,99010	72,40000
9,01980	72,50000
9,01980	72,60000
9,04950	72,70000
9,04950	72,80000
9,04950	72,90000
9,04950	73,00000
9,07921	73,10000
9,07921	73,20000
9,10891	73,30000
9,10891	73,40000
9,10891	73,50000
9,13861	73,60000
8,96040	73,70000
8,84158	73,80000
8,81188	73,90000
8,81188	74,00000
8,81188	74,10000
8,81188	74,20000
8,81188	74,30000
8,81188	74,40000
8,78218	74,50000
