HBM_CATMAN12_DATAFILE
22/03/10
08:49
CHANNELS: 2
SEPARATOR: 9
MAXLINES: 782

Cel 500Kg	T(Cel 500Kg)
kgf	s
5	5

0,09091	0,00000
0,09091	0,10000
0,12121	0,20000
0,09091	0,30000
0,09091	0,40000
0,09091	0,50000
0,09091	0,60000
0,09091	0,70000
0,09091	0,80000
0,09091	0,90000
0,09091	1,00000
0,09091	1,10000
0,09091	1,20000
0,09091	1,30000
0,09091	1,40000
0,12121	1,50000
0,12121	1,60000
0,12121	1,70000
0,12121	1,80000
0,12121	1,90000
0,12121	2,00000
0,15152	2,10000
0,15152	2,20000
0,15152	2,30000
0,15152	2,40000
0,18182	2,50000
0,18182	2,60000
0,18182	2,70000
0,18182	2,80000
0,21212	2,90000
0,21212	3,00000
0,21212	3,10000
0,21212	3,20000
0,24242	3,30000
0,24242	3,40000
0,24242	3,50000
0,24242	3,60000
0,27273	3,70000
0,27273	3,80000
0,27273	3,90000
0,30303	4,00000
0,30303	4,10000
0,30303	4,20000
0,30303	4,30000
0,33333	4,40000
0,33333	4,50000
0,36364	4,60000
0,36364	4,70000
0,36364	4,80000
0,39394	4,90000
0,39394	5,00000
0,39394	5,10000
0,42424	5,20000
0,42424	5,30000
0,42424	5,40000
0,45455	5,50000
0,45455	5,60000
0,48485	5,70000
0,48485	5,80000
0,51515	5,90000
0,51515	6,00000
0,54545	6,10000
0,54545	6,20000
0,57576	6,30000
0,57576	6,40000
0,60606	6,50000
0,60606	6,60000
0,63636	6,70000
0,66667	6,80000
0,66667	6,90000
0,69697	7,00000
0,69697	7,10000
0,72727	7,20000
0,75758	7,30000
0,75758	7,40000
0,78788	7,50000
0,78788	7,60000
0,81818	7,70000
0,84848	7,80000
0,84848	7,90000
0,87879	8,00000
0,90909	8,10000
0,90909	8,20000
0,93939	8,30000
0,96970	8,40000
0,96970	8,50000
1,00000	8,60000
1,03030	8,70000
1,06061	8,80000
1,06061	8,90000
1,09091	9,00000
1,12121	9,10000
1,15152	9,20000
1,15152	9,30000
1,18182	9,40000
1,21212	9,50000
1,21212	9,60000
1,24242	9,70000
1,27273	9,80000
1,30303	9,90000
1,30303	10,00000
1,33333	10,10000
1,36364	10,20000
1,39394	10,30000
1,39394	10,40000
1,42424	10,50000
1,42424	10,60000
1,45455	10,70000
1,48485	10,80000
1,48485	10,90000
1,51515	11,00000
1,54545	11,10000
1,54545	11,20000
1,57576	11,30000
1,57576	11,40000
1,60606	11,50000
1,63636	11,60000
1,63636	11,70000
1,66667	11,80000
1,66667	11,90000
1,69697	12,00000
1,72727	12,10000
1,72727	12,20000
1,75758	12,30000
1,78788	12,40000
1,78788	12,50000
1,81818	12,60000
1,84848	12,70000
1,87879	12,80000
1,87879	12,90000
1,90909	13,00000
1,93939	13,10000
1,96970	13,20000
2,00000	13,30000
2,00000	13,40000
2,03030	13,50000
2,06061	13,60000
2,09091	13,70000
2,09091	13,80000
2,12121	13,90000
2,15152	14,00000
2,18182	14,10000
2,21212	14,20000
2,21212	14,30000
2,24242	14,40000
2,27273	14,50000
2,30303	14,60000
2,30303	14,70000
2,33333	14,80000
2,36364	14,90000
2,39394	15,00000
2,42424	15,10000
2,42424	15,20000
2,45455	15,30000
2,48485	15,40000
2,51515	15,50000
2,51515	15,60000
2,54545	15,70000
2,57576	15,80000
2,60606	15,90000
2,60606	16,00000
2,63636	16,10000
2,66667	16,20000
2,66667	16,30000
2,69697	16,40000
2,72727	16,50000
2,75758	16,60000
2,75758	16,70000
2,78788	16,80000
2,81818	16,90000
2,81818	17,00000
2,84848	17,10000
2,87879	17,20000
2,87879	17,30000
2,90909	17,40000
2,93939	17,50000
2,93939	17,60000
2,96970	17,70000
3,00000	17,80000
3,00000	17,90000
3,03030	18,00000
3,06061	18,10000
3,06061	18,20000
3,09091	18,30000
3,12121	18,40000
3,12121	18,50000
3,15152	18,60000
3,18182	18,70000
3,18182	18,80000
3,21212	18,90000
3,24242	19,00000
3,24242	19,10000
3,27273	19,20000
3,30303	19,30000
3,30303	19,40000
3,33333	19,50000
3,36364	19,60000
3,36364	19,70000
3,39394	19,80000
3,39394	19,90000
3,42424	20,00000
3,45455	20,10000
3,45455	20,20000
3,48485	20,30000
3,51515	20,40000
3,51515	20,50000
3,54545	20,60000
3,54545	20,70000
3,57576	20,80000
3,60606	20,90000
3,60606	21,00000
3,63636	21,10000
3,63636	21,20000
3,66667	21,30000
3,69697	21,40000
3,69697	21,50000
3,72727	21,60000
3,75758	21,70000
3,75758	21,80000
3,78788	21,90000
3,81818	22,00000
3,81818	22,10000
3,84848	22,20000
3,84848	22,30000
3,84848	22,40000
3,87879	22,50000
3,90909	22,60000
3,90909	22,70000
3,93939	22,80000
3,93939	22,90000
3,96970	23,00000
4,00000	23,10000
4,00000	23,20000
4,03030	23,30000
4,03030	23,40000
4,06061	23,50000
4,09091	23,60000
4,09091	23,70000
4,12121	23,80000
4,15152	23,90000
4,15152	24,00000
4,18182	24,10000
4,21212	24,20000
4,21212	24,30000
4,24242	24,40000
4,24242	24,50000
4,27273	24,60000
4,27273	24,70000
4,30303	24,80000
4,33333	24,90000
4,33333	25,00000
4,36364	25,10000
4,36364	25,20000
4,39394	25,30000
4,42424	25,40000
4,42424	25,50000
4,45455	25,60000
4,48485	25,70000
4,48485	25,80000
4,51515	25,90000
4,51515	26,00000
4,54545	26,10000
4,54545	26,20000
4,57576	26,30000
4,60606	26,40000
4,60606	26,50000
4,63636	26,60000
4,63636	26,70000
4,66667	26,80000
4,69697	26,90000
4,69697	27,00000
4,72727	27,10000
4,72727	27,20000
4,75758	27,30000
4,78788	27,40000
4,78788	27,50000
4,81818	27,60000
4,81818	27,70000
4,84848	27,80000
4,84848	27,90000
4,87879	28,00000
4,90909	28,10000
4,90909	28,20000
4,93939	28,30000
4,96970	28,40000
4,96970	28,50000
5,00000	28,60000
5,03030	28,70000
5,03030	28,80000
5,06061	28,90000
5,06061	29,00000
5,09091	29,10000
5,12121	29,20000
5,12121	29,30000
5,15152	29,40000
5,15152	29,50000
5,18182	29,60000
5,21212	29,70000
5,21212	29,80000
5,24242	29,90000
5,24242	30,00000
5,27273	30,10000
5,30303	30,20000
5,30303	30,30000
5,33333	30,40000
5,33333	30,50000
5,36364	30,60000
5,36364	30,70000
5,39394	30,80000
5,42424	30,90000
5,42424	31,00000
5,45455	31,10000
5,45455	31,20000
5,48485	31,30000
5,51515	31,40000
5,51515	31,50000
5,54545	31,60000
5,54545	31,70000
5,57576	31,80000
5,60606	31,90000
5,60606	32,00000
5,60606	32,10000
5,63636	32,20000
5,63636	32,30000
5,66667	32,40000
5,66667	32,50000
5,69697	32,60000
5,72727	32,70000
5,72727	32,80000
5,75758	32,90000
5,78788	33,00000
5,78788	33,10000
5,81818	33,20000
5,81818	33,30000
5,84848	33,40000
5,87879	33,50000
5,87879	33,60000
5,90909	33,70000
5,90909	33,80000
5,93939	33,90000
5,96970	34,00000
5,96970	34,10000
6,00000	34,20000
6,03030	34,30000
6,03030	34,40000
6,06061	34,50000
6,09091	34,60000
6,09091	34,70000
6,12121	34,80000
6,12121	34,90000
6,15152	35,00000
6,18182	35,10000
6,18182	35,20000
6,21212	35,30000
6,21212	35,40000
6,24242	35,50000
6,27273	35,60000
6,27273	35,70000
6,30303	35,80000
6,33333	35,90000
6,33333	36,00000
6,36364	36,10000
6,39394	36,20000
6,39394	36,30000
6,42424	36,40000
6,45455	36,50000
6,45455	36,60000
6,48485	36,70000
6,51515	36,80000
6,51515	36,90000
6,54545	37,00000
6,57576	37,10000
6,57576	37,20000
6,60606	37,30000
6,60606	37,40000
6,63636	37,50000
6,66667	37,60000
6,69697	37,70000
6,69697	37,80000
6,72727	37,90000
6,72727	38,00000
6,75758	38,10000
6,78788	38,20000
6,81818	38,30000
6,81818	38,40000
6,84848	38,50000
6,84848	38,60000
6,87879	38,70000
6,90909	38,80000
6,90909	38,90000
6,93939	39,00000
6,96970	39,10000
7,00000	39,20000
7,00000	39,30000
7,02970	39,40000
7,02970	39,50000
7,05941	39,60000
7,08911	39,70000
7,11881	39,80000
7,11881	39,90000
7,14851	40,00000
7,17822	40,10000
7,17822	40,20000
7,20792	40,30000
7,20792	40,40000
7,23762	40,50000
7,26733	40,60000
7,26733	40,70000
7,29703	40,80000
7,32673	40,90000
7,32673	41,00000
7,35644	41,10000
7,38614	41,20000
7,38614	41,30000
7,41584	41,40000
7,41584	41,50000
7,44554	41,60000
7,47525	41,70000
7,50495	41,80000
7,50495	41,90000
7,53465	42,00000
7,53465	42,10000
7,56436	42,20000
7,59406	42,30000
7,62376	42,40000
7,62376	42,50000
7,65347	42,60000
7,68317	42,70000
7,68317	42,80000
7,71287	42,90000
7,74257	43,00000
7,74257	43,10000
7,77228	43,20000
7,80198	43,30000
7,83168	43,40000
7,83168	43,50000
7,86139	43,60000
7,89109	43,70000
7,92079	43,80000
7,92079	43,90000
7,95049	44,00000
7,98020	44,10000
7,98020	44,20000
8,00990	44,30000
8,03960	44,40000
8,06931	44,50000
8,06931	44,60000
8,09901	44,70000
8,09901	44,80000
8,12871	44,90000
8,15842	45,00000
8,18812	45,10000
8,18812	45,20000
8,21782	45,30000
8,24753	45,40000
8,27723	45,50000
8,27723	45,60000
8,30693	45,70000
8,30693	45,80000
8,33663	45,90000
8,36634	46,00000
8,39604	46,10000
8,39604	46,20000
8,42574	46,30000
8,45545	46,40000
8,45545	46,50000
8,48515	46,60000
8,51485	46,70000
8,54455	46,80000
8,54455	46,90000
8,57426	47,00000
8,60396	47,10000
8,63366	47,20000
8,66337	47,30000
8,66337	47,40000
8,69307	47,50000
8,72277	47,60000
8,75247	47,70000
8,75247	47,80000
8,78218	47,90000
8,81188	48,00000
8,84158	48,10000
8,84158	48,20000
8,87129	48,30000
8,87129	48,40000
8,90099	48,50000
8,93069	48,60000
8,96040	48,70000
8,96040	48,80000
8,99010	48,90000
9,01980	49,00000
9,01980	49,10000
9,04950	49,20000
9,07921	49,30000
9,07921	49,40000
9,10891	49,50000
9,13861	49,60000
9,16832	49,70000
9,16832	49,80000
9,19802	49,90000
9,22772	50,00000
9,25743	50,10000
9,25743	50,20000
9,28713	50,30000
9,31683	50,40000
9,34653	50,50000
9,37624	50,60000
9,37624	50,70000
9,40594	50,80000
9,43564	50,90000
9,46535	51,00000
9,46535	51,10000
9,49505	51,20000
9,52475	51,30000
9,55446	51,40000
9,55446	51,50000
9,58416	51,60000
9,61386	51,70000
9,64356	51,80000
9,64356	51,90000
9,67327	52,00000
9,67327	52,10000
9,70297	52,20000
9,73267	52,30000
9,76238	52,40000
9,79208	52,50000
9,82178	52,60000
9,82178	52,70000
9,85148	52,80000
9,88119	52,90000
9,88119	53,00000
9,91089	53,10000
9,94059	53,20000
9,97030	53,30000
9,97030	53,40000
10,00000	53,50000
10,03012	53,60000
10,06024	53,70000
10,09036	53,80000
10,09036	53,90000
10,12048	54,00000
10,15060	54,10000
10,18072	54,20000
10,21084	54,30000
10,24096	54,40000
10,24096	54,50000
10,27108	54,60000
10,30120	54,70000
10,33132	54,80000
10,36145	54,90000
10,36145	55,00000
10,39157	55,10000
10,42169	55,20000
10,45181	55,30000
10,48193	55,40000
10,51205	55,50000
10,51205	55,60000
10,54217	55,70000
10,57229	55,80000
10,60241	55,90000
10,63253	56,00000
10,66265	56,10000
10,69277	56,20000
10,72289	56,30000
10,75301	56,40000
10,78313	56,50000
10,78313	56,60000
10,81325	56,70000
10,84337	56,80000
10,87349	56,90000
10,90361	57,00000
10,93373	57,10000
10,96386	57,20000
10,99398	57,30000
11,02410	57,40000
11,05422	57,50000
11,05422	57,60000
11,08434	57,70000
11,11446	57,80000
11,14458	57,90000
11,17470	58,00000
11,20482	58,10000
11,23494	58,20000
11,26506	58,30000
11,29518	58,40000
11,32530	58,50000
11,32530	58,60000
11,35542	58,70000
11,38554	58,80000
11,41566	58,90000
11,44578	59,00000
11,47590	59,10000
11,50602	59,20000
11,53614	59,30000
11,56627	59,40000
11,56627	59,50000
11,59639	59,60000
11,62651	59,70000
11,65663	59,80000
11,68675	59,90000
11,71687	60,00000
11,74699	60,10000
11,77711	60,20000
11,80723	60,30000
11,83735	60,40000
11,83735	60,50000
11,86747	60,60000
11,89759	60,70000
11,92771	60,80000
11,95783	60,90000
11,98795	61,00000
12,01807	61,10000
12,04819	61,20000
12,07831	61,30000
12,07831	61,40000
12,10843	61,50000
12,16867	61,60000
12,16867	61,70000
12,19879	61,80000
12,25904	61,90000
12,28916	62,00000
12,31928	62,10000
12,31928	62,20000
12,34940	62,30000
12,37952	62,40000
12,40964	62,50000
12,43976	62,60000
12,46988	62,70000
12,50000	62,80000
12,53012	62,90000
12,56024	63,00000
12,59036	63,10000
12,59036	63,20000
12,65060	63,30000
12,68072	63,40000
12,71084	63,50000
12,74096	63,60000
12,77108	63,70000
12,80120	63,80000
12,83133	63,90000
12,86145	64,00000
12,89157	64,10000
12,92169	64,20000
12,95181	64,30000
12,98193	64,40000
13,01205	64,50000
13,04217	64,60000
13,07229	64,70000
13,10241	64,80000
13,13253	64,90000
13,16265	65,00000
13,19277	65,10000
13,22289	65,20000
13,25301	65,30000
13,28313	65,40000
13,31325	65,50000
13,34337	65,60000
13,40361	65,70000
13,43373	65,80000
13,46386	65,90000
13,49398	66,00000
13,49398	66,10000
13,55422	66,20000
13,58434	66,30000
13,61446	66,40000
13,64458	66,50000
13,67470	66,60000
13,70482	66,70000
13,73494	66,80000
13,76506	66,90000
13,79518	67,00000
13,82530	67,10000
13,85542	67,20000
13,91566	67,30000
13,91566	67,40000
13,97590	67,50000
14,00602	67,60000
14,03614	67,70000
14,06627	67,80000
14,09639	67,90000
14,12651	68,00000
14,15663	68,10000
14,18675	68,20000
14,21687	68,30000
14,24699	68,40000
14,30723	68,50000
14,33735	68,60000
14,36747	68,70000
14,39759	68,80000
14,42771	68,90000
14,45783	69,00000
14,48795	69,10000
14,51807	69,20000
14,54819	69,30000
14,57831	69,40000
14,63855	69,50000
14,66867	69,60000
14,69879	69,70000
14,72892	69,80000
14,75904	69,90000
14,78916	70,00000
14,81928	70,10000
14,84940	70,20000
14,90964	70,30000
14,93976	70,40000
14,96988	70,50000
15,00000	70,60000
15,03012	70,70000
15,06024	70,80000
15,09036	70,90000
15,12048	71,00000
15,18072	71,10000
15,21084	71,20000
15,24096	71,30000
15,30120	71,40000
15,33133	71,50000
15,36145	71,60000
15,39157	71,70000
15,42169	71,80000
15,45181	71,90000
15,48193	72,00000
15,51205	72,10000
15,57229	72,20000
15,60241	72,30000
15,63253	72,40000
15,69277	72,50000
15,72289	72,60000
15,75301	72,70000
15,78313	72,80000
15,81325	72,90000
15,84337	73,00000
15,87349	73,10000
15,90361	73,20000
15,96386	73,30000
15,99398	73,40000
16,02410	73,50000
16,05422	73,60000
16,08434	73,70000
16,05422	73,80000
16,05422	73,90000
16,08434	74,00000
16,08434	74,10000
16,11446	74,20000
16,14458	74,30000
16,17470	74,40000
16,20482	74,50000
16,23494	74,60000
16,26506	74,70000
16,26506	74,80000
16,32530	74,90000
16,35542	75,00000
16,38554	75,10000
16,44578	75,20000
16,47590	75,30000
16,50603	75,40000
16,50603	75,50000
16,56627	75,60000
16,56627	75,70000
16,59639	75,80000
16,65663	75,90000
16,68675	76,00000
16,71687	76,10000
16,74699	76,20000
16,77711	76,30000
16,77711	76,40000
16,77711	76,50000
16,74699	76,60000
16,74699	76,70000
16,77711	76,80000
16,80723	76,90000
16,83735	77,00000
16,86747	77,10000
16,32530	77,20000
14,87952	77,30000
14,63855	77,40000
13,91566	77,50000
13,76506	77,60000
13,73494	77,70000
13,73494	77,80000
13,76506	77,90000
13,79518	78,00000
13,76506	78,10000
