HBM_CATMAN12_DATAFILE
22/03/10
08:51
CHANNELS: 2
SEPARATOR: 9
MAXLINES: 976

Cel 500Kg	T(Cel 500Kg)
kgf	s
5	5

0,03030	0,00000
0,03030	0,10000
0,03030	0,20000
0,03030	0,30000
0,03030	0,40000
0,03030	0,50000
0,03030	0,60000
0,03030	0,70000
0,03030	0,80000
0,03030	0,90000
0,03030	1,00000
0,03030	1,10000
0,03030	1,20000
0,03030	1,30000
0,03030	1,40000
0,03030	1,50000
0,03030	1,60000
0,03030	1,70000
0,03030	1,80000
0,03030	1,90000
0,03030	2,00000
0,03030	2,10000
0,03030	2,20000
0,03030	2,30000
0,03030	2,40000
0,03030	2,50000
0,03030	2,60000
0,03030	2,70000
0,03030	2,80000
0,03030	2,90000
0,03030	3,00000
0,03030	3,10000
0,03030	3,20000
0,03030	3,30000
0,03030	3,40000
0,03030	3,50000
0,03030	3,60000
0,03030	3,70000
0,03030	3,80000
0,03030	3,90000
0,03030	4,00000
0,03030	4,10000
0,03030	4,20000
0,03030	4,30000
0,03030	4,40000
0,03030	4,50000
0,03030	4,60000
0,03030	4,70000
0,03030	4,80000
0,03030	4,90000
0,03030	5,00000
0,03030	5,10000
0,03030	5,20000
0,03030	5,30000
0,03030	5,40000
0,03030	5,50000
0,03030	5,60000
0,03030	5,70000
0,03030	5,80000
0,03030	5,90000
0,03030	6,00000
0,03030	6,10000
0,03030	6,20000
0,03030	6,30000
0,03030	6,40000
0,03030	6,50000
0,03030	6,60000
0,03030	6,70000
0,03030	6,80000
0,03030	6,90000
0,03030	7,00000
0,03030	7,10000
0,03030	7,20000
0,03030	7,30000
0,03030	7,40000
0,03030	7,50000
0,03030	7,60000
0,06061	7,70000
0,03030	7,80000
0,03030	7,90000
0,03030	8,00000
0,03030	8,10000
0,06061	8,20000
0,06061	8,30000
0,06061	8,40000
0,06061	8,50000
0,06061	8,60000
0,06061	8,70000
0,06061	8,80000
0,09091	8,90000
0,09091	9,00000
0,09091	9,10000
0,09091	9,20000
0,09091	9,30000
0,09091	9,40000
0,09091	9,50000
0,09091	9,60000
0,09091	9,70000
0,09091	9,80000
0,09091	9,90000
0,12121	10,00000
0,12121	10,10000
0,12121	10,20000
0,12121	10,30000
0,12121	10,40000
0,12121	10,50000
0,12121	10,60000
0,12121	10,70000
0,15152	10,80000
0,15152	10,90000
0,15152	11,00000
0,15152	11,10000
0,15152	11,20000
0,15152	11,30000
0,15152	11,40000
0,18182	11,50000
0,18182	11,60000
0,18182	11,70000
0,18182	11,80000
0,18182	11,90000
0,18182	12,00000
0,21212	12,10000
0,21212	12,20000
0,21212	12,30000
0,21212	12,40000
0,21212	12,50000
0,21212	12,60000
0,21212	12,70000
0,24242	12,80000
0,24242	12,90000
0,24242	13,00000
0,24242	13,10000
0,24242	13,20000
0,27273	13,30000
0,27273	13,40000
0,27273	13,50000
0,30303	13,60000
0,30303	13,70000
0,30303	13,80000
0,30303	13,90000
0,30303	14,00000
0,33333	14,10000
0,33333	14,20000
0,33333	14,30000
0,33333	14,40000
0,33333	14,50000
0,36364	14,60000
0,36364	14,70000
0,36364	14,80000
0,36364	14,90000
0,36364	15,00000
0,36364	15,10000
0,36364	15,20000
0,39394	15,30000
0,39394	15,40000
0,39394	15,50000
0,39394	15,60000
0,42424	15,70000
0,42424	15,80000
0,42424	15,90000
0,45455	16,00000
0,45455	16,10000
0,45455	16,20000
0,45455	16,30000
0,45455	16,40000
0,48485	16,50000
0,48485	16,60000
0,48485	16,70000
0,51515	16,80000
0,51515	16,90000
0,51515	17,00000
0,51515	17,10000
0,54545	17,20000
0,54545	17,30000
0,54545	17,40000
0,57576	17,50000
0,57576	17,60000
0,57576	17,70000
0,60606	17,80000
0,60606	17,90000
0,60606	18,00000
0,63636	18,10000
0,63636	18,20000
0,63636	18,30000
0,66667	18,40000
0,66667	18,50000
0,66667	18,60000
0,69697	18,70000
0,69697	18,80000
0,69697	18,90000
0,72727	19,00000
0,72727	19,10000
0,75758	19,20000
0,75758	19,30000
0,78788	19,40000
0,78788	19,50000
0,78788	19,60000
0,81818	19,70000
0,81818	19,80000
0,84848	19,90000
0,84848	20,00000
0,87879	20,10000
0,87879	20,20000
0,87879	20,30000
0,90909	20,40000
0,90909	20,50000
0,93939	20,60000
0,93939	20,70000
0,96970	20,80000
0,96970	20,90000
1,00000	21,00000
1,00000	21,10000
1,03030	21,20000
1,03030	21,30000
1,06061	21,40000
1,06061	21,50000
1,09091	21,60000
1,09091	21,70000
1,12121	21,80000
1,12121	21,90000
1,15152	22,00000
1,15152	22,10000
1,18182	22,20000
1,18182	22,30000
1,21212	22,40000
1,24242	22,50000
1,24242	22,60000
1,27273	22,70000
1,27273	22,80000
1,30303	22,90000
1,30303	23,00000
1,33333	23,10000
1,33333	23,20000
1,36364	23,30000
1,36364	23,40000
1,39394	23,50000
1,42424	23,60000
1,42424	23,70000
1,45455	23,80000
1,45455	23,90000
1,48485	24,00000
1,51515	24,10000
1,51515	24,20000
1,54545	24,30000
1,54545	24,40000
1,57576	24,50000
1,57576	24,60000
1,60606	24,70000
1,63636	24,80000
1,63636	24,90000
1,63636	25,00000
1,66667	25,10000
1,66667	25,20000
1,66667	25,30000
1,69697	25,40000
1,69697	25,50000
1,72727	25,60000
1,72727	25,70000
1,72727	25,80000
1,75758	25,90000
1,75758	26,00000
1,78788	26,10000
1,78788	26,20000
1,81818	26,30000
1,81818	26,40000
1,84848	26,50000
1,84848	26,60000
1,87879	26,70000
1,87879	26,80000
1,90909	26,90000
1,90909	27,00000
1,93939	27,10000
1,96970	27,20000
1,96970	27,30000
2,00000	27,40000
2,00000	27,50000
2,03030	27,60000
2,06061	27,70000
2,06061	27,80000
2,09091	27,90000
2,09091	28,00000
2,12121	28,10000
2,15152	28,20000
2,15152	28,30000
2,18182	28,40000
2,18182	28,50000
2,21212	28,60000
2,21212	28,70000
2,24242	28,80000
2,27273	28,90000
2,27273	29,00000
2,30303	29,10000
2,30303	29,20000
2,33333	29,30000
2,36364	29,40000
2,36364	29,50000
2,39394	29,60000
2,42424	29,70000
2,42424	29,80000
2,45455	29,90000
2,45455	30,00000
2,48485	30,10000
2,51515	30,20000
2,51515	30,30000
2,54545	30,40000
2,57576	30,50000
2,60606	30,60000
2,60606	30,70000
2,63636	30,80000
2,63636	30,90000
2,66667	31,00000
2,69697	31,10000
2,69697	31,20000
2,72727	31,30000
2,75758	31,40000
2,75758	31,50000
2,78788	31,60000
2,78788	31,70000
2,81818	31,80000
2,84848	31,90000
2,84848	32,00000
2,87879	32,10000
2,87879	32,20000
2,90909	32,30000
2,93939	32,40000
2,93939	32,50000
2,96970	32,60000
2,96970	32,70000
3,00000	32,80000
3,03030	32,90000
3,03030	33,00000
3,06061	33,10000
3,06061	33,20000
3,09091	33,30000
3,12121	33,40000
3,12121	33,50000
3,15152	33,60000
3,15152	33,70000
3,18182	33,80000
3,18182	33,90000
3,21212	34,00000
3,24242	34,10000
3,24242	34,20000
3,27273	34,30000
3,27273	34,40000
3,30303	34,50000
3,30303	34,60000
3,33333	34,70000
3,36364	34,80000
3,36364	34,90000
3,39394	35,00000
3,39394	35,10000
3,42424	35,20000
3,45455	35,30000
3,45455	35,40000
3,48485	35,50000
3,48485	35,60000
3,48485	35,70000
3,51515	35,80000
3,54545	35,90000
3,54545	36,00000
3,57576	36,10000
3,57576	36,20000
3,60606	36,30000
3,60606	36,40000
3,63636	36,50000
3,63636	36,60000
3,66667	36,70000
3,66667	36,80000
3,69697	36,90000
3,69697	37,00000
3,72727	37,10000
3,72727	37,20000
3,75758	37,30000
3,75758	37,40000
3,78788	37,50000
3,78788	37,60000
3,81818	37,70000
3,81818	37,80000
3,84848	37,90000
3,84848	38,00000
3,87879	38,10000
3,87879	38,20000
3,90909	38,30000
3,90909	38,40000
3,93939	38,50000
3,93939	38,60000
3,96970	38,70000
3,96970	38,80000
4,00000	38,90000
4,00000	39,00000
4,03030	39,10000
4,03030	39,20000
4,06061	39,30000
4,06061	39,40000
4,09091	39,50000
4,12121	39,60000
4,12121	39,70000
4,15152	39,80000
4,15152	39,90000
4,18182	40,00000
4,18182	40,10000
4,21212	40,20000
4,21212	40,30000
4,24242	40,40000
4,24242	40,50000
4,27273	40,60000
4,27273	40,70000
4,30303	40,80000
4,30303	40,90000
4,33333	41,00000
4,33333	41,10000
4,36364	41,20000
4,36364	41,30000
4,39394	41,40000
4,39394	41,50000
4,42424	41,60000
4,45455	41,70000
4,45455	41,80000
4,48485	41,90000
4,48485	42,00000
4,51515	42,10000
4,51515	42,20000
4,54545	42,30000
4,54545	42,40000
4,57576	42,50000
4,57576	42,60000
4,60606	42,70000
4,60606	42,80000
4,63636	42,90000
4,66667	43,00000
4,66667	43,10000
4,66667	43,20000
4,69697	43,30000
4,69697	43,40000
4,72727	43,50000
4,72727	43,60000
4,75758	43,70000
4,75758	43,80000
4,78788	43,90000
4,78788	44,00000
4,81818	44,10000
4,81818	44,20000
4,84848	44,30000
4,84848	44,40000
4,87879	44,50000
4,87879	44,60000
4,90909	44,70000
4,90909	44,80000
4,93939	44,90000
4,93939	45,00000
4,96970	45,10000
4,96970	45,20000
5,00000	45,30000
5,00000	45,40000
5,03030	45,50000
5,03030	45,60000
5,06061	45,70000
5,06061	45,80000
5,09091	45,90000
5,09091	46,00000
5,12121	46,10000
5,12121	46,20000
5,15152	46,30000
5,15152	46,40000
5,18182	46,50000
5,18182	46,60000
5,21212	46,70000
5,21212	46,80000
5,24242	46,90000
5,24242	47,00000
5,27273	47,10000
5,27273	47,20000
5,27273	47,30000
5,30303	47,40000
5,30303	47,50000
5,33333	47,60000
5,33333	47,70000
5,36364	47,80000
5,39394	47,90000
5,42424	48,00000
5,42424	48,10000
5,45455	48,20000
5,45455	48,30000
5,45455	48,40000
5,48485	48,50000
5,48485	48,60000
5,51515	48,70000
5,51515	48,80000
5,54545	48,90000
5,54545	49,00000
5,57576	49,10000
5,57576	49,20000
5,60606	49,30000
5,60606	49,40000
5,63636	49,50000
5,63636	49,60000
5,66667	49,70000
5,69697	49,80000
5,69697	49,90000
5,72727	50,00000
5,72727	50,10000
5,75758	50,20000
5,75758	50,30000
5,78788	50,40000
5,78788	50,50000
5,81818	50,60000
5,81818	50,70000
5,84848	50,80000
5,84848	50,90000
5,87879	51,00000
5,87879	51,10000
5,90909	51,20000
5,90909	51,30000
5,93939	51,40000
5,96970	51,50000
5,96970	51,60000
6,00000	51,70000
6,00000	51,80000
6,00000	51,90000
6,03030	52,00000
6,03030	52,10000
6,06061	52,20000
6,06061	52,30000
6,09091	52,40000
6,12121	52,50000
6,12121	52,60000
6,15152	52,70000
6,15152	52,80000
6,18182	52,90000
6,18182	53,00000
6,21212	53,10000
6,24242	53,20000
6,24242	53,30000
6,27273	53,40000
6,27273	53,50000
6,30303	53,60000
6,30303	53,70000
6,33333	53,80000
6,33333	53,90000
6,36364	54,00000
6,36364	54,10000
6,39394	54,20000
6,42424	54,30000
6,42424	54,40000
6,45455	54,50000
6,45455	54,60000
6,48485	54,70000
6,48485	54,80000
6,51515	54,90000
6,51515	55,00000
6,54545	55,10000
6,54545	55,20000
6,57576	55,30000
6,57576	55,40000
6,60606	55,50000
6,63636	55,60000
6,63636	55,70000
6,66667	55,80000
6,66667	55,90000
6,69697	56,00000
6,69697	56,10000
6,72727	56,20000
6,72727	56,30000
6,75758	56,40000
6,78788	56,50000
6,78788	56,60000
6,81818	56,70000
6,81818	56,80000
6,84848	56,90000
6,84848	57,00000
6,87879	57,10000
6,87879	57,20000
6,90909	57,30000
6,90909	57,40000
6,93939	57,50000
6,96970	57,60000
6,96970	57,70000
6,96970	57,80000
7,00000	57,90000
7,02970	58,00000
7,02970	58,10000
7,05941	58,20000
7,05941	58,30000
7,08911	58,40000
7,08911	58,50000
7,11881	58,60000
7,11881	58,70000
7,14851	58,80000
7,17822	58,90000
7,17822	59,00000
7,20792	59,10000
7,20792	59,20000
7,23762	59,30000
7,23762	59,40000
7,26733	59,50000
7,26733	59,60000
7,29703	59,70000
7,29703	59,80000
7,32673	59,90000
7,35644	60,00000
7,35644	60,10000
7,38614	60,20000
7,38614	60,30000
7,41584	60,40000
7,41584	60,50000
7,44554	60,60000
7,47525	60,70000
7,47525	60,80000
7,50495	60,90000
7,50495	61,00000
7,53465	61,10000
7,53465	61,20000
7,56436	61,30000
7,56436	61,40000
7,59406	61,50000
7,62376	61,60000
7,62376	61,70000
7,62376	61,80000
7,65347	61,90000
7,65347	62,00000
7,68317	62,10000
7,71287	62,20000
7,71287	62,30000
7,74257	62,40000
7,77228	62,50000
7,77228	62,60000
7,80198	62,70000
7,80198	62,80000
7,83168	62,90000
7,83168	63,00000
7,86139	63,10000
7,86139	63,20000
7,89109	63,30000
7,92079	63,40000
7,92079	63,50000
7,95049	63,60000
7,95049	63,70000
7,98020	63,80000
7,98020	63,90000
8,00990	64,00000
8,03960	64,10000
8,03960	64,20000
8,06931	64,30000
8,09901	64,40000
8,09901	64,50000
8,12871	64,60000
8,12871	64,70000
8,15842	64,80000
8,18812	64,90000
8,18812	65,00000
8,21782	65,10000
8,24753	65,20000
8,24753	65,30000
8,27723	65,40000
8,30693	65,50000
8,30693	65,60000
8,33663	65,70000
8,33663	65,80000
8,36634	65,90000
8,39604	66,00000
8,39604	66,10000
8,42574	66,20000
8,45545	66,30000
8,45545	66,40000
8,48515	66,50000
8,48515	66,60000
8,51485	66,70000
8,54455	66,80000
8,54455	66,90000
8,57426	67,00000
8,60396	67,10000
8,60396	67,20000
8,63366	67,30000
8,66337	67,40000
8,66337	67,50000
8,69307	67,60000
8,69307	67,70000
8,72277	67,80000
8,75247	67,90000
8,78218	68,00000
8,81188	68,10000
8,81188	68,20000
8,81188	68,30000
8,84158	68,40000
8,87129	68,50000
8,87129	68,60000
8,90099	68,70000
8,93069	68,80000
8,93069	68,90000
8,96040	69,00000
8,99010	69,10000
8,99010	69,20000
9,01980	69,30000
9,04950	69,40000
9,04950	69,50000
9,07921	69,60000
9,07921	69,70000
9,10891	69,80000
9,13861	69,90000
9,13861	70,00000
9,16832	70,10000
9,19802	70,20000
9,19802	70,30000
9,22772	70,40000
9,25743	70,50000
9,28713	70,60000
9,28713	70,70000
9,31683	70,80000
9,34653	70,90000
9,34653	71,00000
9,37624	71,10000
9,37624	71,20000
9,40594	71,30000
9,40594	71,40000
9,43564	71,50000
9,46535	71,60000
9,49505	71,70000
9,49505	71,80000
9,52475	71,90000
9,52475	72,00000
9,55446	72,10000
9,58416	72,20000
9,58416	72,30000
9,61386	72,40000
9,64356	72,50000
9,67327	72,60000
9,67327	72,70000
9,70297	72,80000
9,70297	72,90000
9,73267	73,00000
9,76238	73,10000
9,79208	73,20000
9,79208	73,30000
9,82178	73,40000
9,85148	73,50000
9,85148	73,60000
9,88119	73,70000
9,91089	73,80000
9,91089	73,90000
9,94059	74,00000
9,97030	74,10000
10,00000	74,20000
10,00000	74,30000
10,03012	74,40000
10,06024	74,50000
10,09036	74,60000
10,09036	74,70000
10,12048	74,80000
10,15060	74,90000
10,15060	75,00000
10,18072	75,10000
10,21084	75,20000
10,24096	75,30000
10,24096	75,40000
10,27108	75,50000
10,30120	75,60000
10,30120	75,70000
10,33132	75,80000
10,36145	75,90000
10,36145	76,00000
10,39157	76,10000
10,42169	76,20000
10,45181	76,30000
10,48193	76,40000
10,48193	76,50000
10,51205	76,60000
10,54217	76,70000
10,54217	76,80000
10,57229	76,90000
10,57229	77,00000
10,63253	77,10000
10,63253	77,20000
10,66265	77,30000
10,69277	77,40000
10,69277	77,50000
10,72289	77,60000
10,75301	77,70000
10,78313	77,80000
10,81325	77,90000
10,81325	78,00000
10,84337	78,10000
10,87349	78,20000
10,90361	78,30000
10,93373	78,40000
10,93373	78,50000
10,96386	78,60000
10,99398	78,70000
11,02410	78,80000
11,02410	78,90000
11,05422	79,00000
11,08434	79,10000
11,11446	79,20000
11,14458	79,30000
11,14458	79,40000
11,17470	79,50000
11,20482	79,60000
11,23494	79,70000
11,26506	79,80000
11,29518	79,90000
11,32530	80,00000
11,32530	80,10000
11,35542	80,20000
11,38554	80,30000
11,41566	80,40000
11,41566	80,50000
11,44578	80,60000
11,47590	80,70000
11,50602	80,80000
11,53614	80,90000
11,56627	81,00000
11,56627	81,10000
11,59639	81,20000
11,62651	81,30000
11,65663	81,40000
11,65663	81,50000
11,68675	81,60000
11,71687	81,70000
11,74699	81,80000
11,77711	81,90000
11,80723	82,00000
11,80723	82,10000
11,83735	82,20000
11,86747	82,30000
11,89759	82,40000
11,92771	82,50000
11,92771	82,60000
11,95783	82,70000
11,98795	82,80000
12,01807	82,90000
12,04819	83,00000
12,04819	83,10000
12,07831	83,20000
12,10843	83,30000
12,13855	83,40000
12,16867	83,50000
12,16867	83,60000
12,22892	83,70000
12,25904	83,80000
12,25904	83,90000
12,28916	84,00000
12,31928	84,10000
12,34940	84,20000
12,37952	84,30000
12,37952	84,40000
12,40964	84,50000
12,43976	84,60000
12,46988	84,70000
12,50000	84,80000
12,50000	84,90000
12,53012	85,00000
12,53012	85,10000
12,56024	85,20000
12,59036	85,30000
12,62048	85,40000
12,65060	85,50000
12,68072	85,60000
12,68072	85,70000
12,71084	85,80000
12,74096	85,90000
12,77108	86,00000
12,77108	86,10000
12,80120	86,20000
12,83133	86,30000
12,86145	86,40000
12,89157	86,50000
12,89157	86,60000
12,92169	86,70000
12,95181	86,80000
12,98193	86,90000
13,01205	87,00000
13,04217	87,10000
13,04217	87,20000
13,07229	87,30000
13,10241	87,40000
13,13253	87,50000
13,16265	87,60000
13,19277	87,70000
13,22289	87,80000
13,22289	87,90000
13,25301	88,00000
13,28313	88,10000
13,31325	88,20000
13,34337	88,30000
13,37349	88,40000
13,40361	88,50000
13,40361	88,60000
13,43373	88,70000
13,46386	88,80000
13,49398	88,90000
13,52410	89,00000
13,55422	89,10000
13,55422	89,20000
13,58434	89,30000
13,61446	89,40000
13,64458	89,50000
13,67470	89,60000
13,67470	89,70000
13,70482	89,80000
13,73494	89,90000
13,76506	90,00000
13,76506	90,10000
13,73494	90,20000
13,76506	90,30000
13,79518	90,40000
13,79518	90,50000
13,82530	90,60000
13,82530	90,70000
13,85542	90,80000
13,88554	90,90000
13,91566	91,00000
13,94578	91,10000
13,97590	91,20000
14,00602	91,30000
14,03614	91,40000
14,06627	91,50000
14,06627	91,60000
14,09639	91,70000
14,09639	91,80000
14,12651	91,90000
14,15663	92,00000
14,18675	92,10000
14,21687	92,20000
14,21687	92,30000
14,24699	92,40000
14,24699	92,50000
14,27711	92,60000
14,27711	92,70000
14,30723	92,80000
14,30723	92,90000
14,33735	93,00000
14,36747	93,10000
14,39759	93,20000
14,42771	93,30000
14,42771	93,40000
14,45783	93,50000
14,45783	93,60000
14,48795	93,70000
14,51807	93,80000
14,51807	93,90000
14,54819	94,00000
14,54819	94,10000
14,57831	94,20000
14,60843	94,30000
14,60843	94,40000
14,63855	94,50000
14,63855	94,60000
14,63855	94,70000
14,63855	94,80000
14,66867	94,90000
14,66867	95,00000
14,69879	95,10000
14,72892	95,20000
14,72892	95,30000
14,72892	95,40000
14,72892	95,50000
14,69879	95,60000
14,66867	95,70000
14,60843	95,80000
14,21687	95,90000
13,07229	96,00000
8,42574	96,10000
7,89109	96,20000
7,77228	96,30000
7,68317	96,40000
7,71287	96,50000
7,71287	96,60000
7,74257	96,70000
7,77228	96,80000
7,80198	96,90000
7,83168	97,00000
7,86139	97,10000
7,89109	97,20000
7,89109	97,30000
7,89109	97,40000
7,92079	97,50000
