HBM_CATMAN12_DATAFILE
22/03/10
08:55
CHANNELS: 2
SEPARATOR: 9
MAXLINES: 707

Cel 500Kg	T(Cel 500Kg)
kgf	s
5	5

0,03030	0,00000
0,03030	0,10000
0,03030	0,20000
0,03030	0,30000
0,03030	0,40000
0,03030	0,50000
0,03030	0,60000
0,03030	0,70000
0,03030	0,80000
0,03030	0,90000
0,03030	1,00000
0,03030	1,10000
0,03030	1,20000
0,03030	1,30000
0,03030	1,40000
0,03030	1,50000
0,06061	1,60000
0,03030	1,70000
0,03030	1,80000
0,03030	1,90000
0,03030	2,00000
0,03030	2,10000
0,03030	2,20000
0,03030	2,30000
0,03030	2,40000
0,06061	2,50000
0,03030	2,60000
0,06061	2,70000
0,06061	2,80000
0,06061	2,90000
0,06061	3,00000
0,06061	3,10000
0,06061	3,20000
0,06061	3,30000
0,06061	3,40000
0,06061	3,50000
0,06061	3,60000
0,06061	3,70000
0,06061	3,80000
0,09091	3,90000
0,09091	4,00000
0,09091	4,10000
0,09091	4,20000
0,09091	4,30000
0,09091	4,40000
0,09091	4,50000
0,09091	4,60000
0,09091	4,70000
0,09091	4,80000
0,09091	4,90000
0,09091	5,00000
0,12121	5,10000
0,12121	5,20000
0,12121	5,30000
0,12121	5,40000
0,12121	5,50000
0,12121	5,60000
0,15152	5,70000
0,12121	5,80000
0,12121	5,90000
0,15152	6,00000
0,15152	6,10000
0,15152	6,20000
0,15152	6,30000
0,15152	6,40000
0,15152	6,50000
0,18182	6,60000
0,18182	6,70000
0,18182	6,80000
0,18182	6,90000
0,18182	7,00000
0,18182	7,10000
0,21212	7,20000
0,21212	7,30000
0,21212	7,40000
0,21212	7,50000
0,21212	7,60000
0,21212	7,70000
0,21212	7,80000
0,24242	7,90000
0,24242	8,00000
0,24242	8,10000
0,27273	8,20000
0,27273	8,30000
0,27273	8,40000
0,27273	8,50000
0,27273	8,60000
0,27273	8,70000
0,30303	8,80000
0,30303	8,90000
0,30303	9,00000
0,30303	9,10000
0,30303	9,20000
0,33333	9,30000
0,33333	9,40000
0,33333	9,50000
0,33333	9,60000
0,36364	9,70000
0,36364	9,80000
0,36364	9,90000
0,36364	10,00000
0,39394	10,10000
0,39394	10,20000
0,39394	10,30000
0,39394	10,40000
0,42424	10,50000
0,42424	10,60000
0,42424	10,70000
0,45455	10,80000
0,45455	10,90000
0,45455	11,00000
0,48485	11,10000
0,48485	11,20000
0,48485	11,30000
0,48485	11,40000
0,51515	11,50000
0,51515	11,60000
0,54545	11,70000
0,54545	11,80000
0,54545	11,90000
0,57576	12,00000
0,57576	12,10000
0,57576	12,20000
0,60606	12,30000
0,60606	12,40000
0,60606	12,50000
0,63636	12,60000
0,63636	12,70000
0,66667	12,80000
0,66667	12,90000
0,69697	13,00000
0,69697	13,10000
0,69697	13,20000
0,72727	13,30000
0,72727	13,40000
0,75758	13,50000
0,75758	13,60000
0,78788	13,70000
0,78788	13,80000
0,81818	13,90000
0,81818	14,00000
0,84848	14,10000
0,84848	14,20000
0,87879	14,30000
0,87879	14,40000
0,90909	14,50000
0,93939	14,60000
0,93939	14,70000
0,96970	14,80000
0,96970	14,90000
1,00000	15,00000
1,00000	15,10000
1,03030	15,20000
1,06061	15,30000
1,06061	15,40000
1,09091	15,50000
1,12121	15,60000
1,12121	15,70000
1,15152	15,80000
1,18182	15,90000
1,21212	16,00000
1,21212	16,10000
1,24242	16,20000
1,27273	16,30000
1,27273	16,40000
1,30303	16,50000
1,33333	16,60000
1,36364	16,70000
1,36364	16,80000
1,39394	16,90000
1,42424	17,00000
1,45455	17,10000
1,48485	17,20000
1,51515	17,30000
1,54545	17,40000
1,57576	17,50000
1,57576	17,60000
1,60606	17,70000
1,63636	17,80000
1,63636	17,90000
1,66667	18,00000
1,66667	18,10000
1,69697	18,20000
1,72727	18,30000
1,72727	18,40000
1,72727	18,50000
1,75758	18,60000
1,75758	18,70000
1,78788	18,80000
1,78788	18,90000
1,81818	19,00000
1,81818	19,10000
1,84848	19,20000
1,84848	19,30000
1,87879	19,40000
1,87879	19,50000
1,90909	19,60000
1,93939	19,70000
1,93939	19,80000
1,96970	19,90000
2,00000	20,00000
2,03030	20,10000
2,03030	20,20000
2,06061	20,30000
2,09091	20,40000
2,09091	20,50000
2,12121	20,60000
2,15152	20,70000
2,18182	20,80000
2,18182	20,90000
2,21212	21,00000
2,24242	21,10000
2,27273	21,20000
2,30303	21,30000
2,33333	21,40000
2,33333	21,50000
2,36364	21,60000
2,39394	21,70000
2,39394	21,80000
2,42424	21,90000
2,45455	22,00000
2,48485	22,10000
2,51515	22,20000
2,51515	22,30000
2,54545	22,40000
2,57576	22,50000
2,60606	22,60000
2,60606	22,70000
2,63636	22,80000
2,66667	22,90000
2,69697	23,00000
2,69697	23,10000
2,72727	23,20000
2,75758	23,30000
2,75758	23,40000
2,78788	23,50000
2,81818	23,60000
2,84848	23,70000
2,84848	23,80000
2,87879	23,90000
2,90909	24,00000
2,93939	24,10000
2,96970	24,20000
2,96970	24,30000
3,00000	24,40000
3,00000	24,50000
3,03030	24,60000
3,06061	24,70000
3,09091	24,80000
3,09091	24,90000
3,12121	25,00000
3,15152	25,10000
3,18182	25,20000
3,18182	25,30000
3,21212	25,40000
3,24242	25,50000
3,24242	25,60000
3,27273	25,70000
3,30303	25,80000
3,33333	25,90000
3,33333	26,00000
3,36364	26,10000
3,39394	26,20000
3,39394	26,30000
3,42424	26,40000
3,45455	26,50000
3,48485	26,60000
3,48485	26,70000
3,51515	26,80000
3,54545	26,90000
3,54545	27,00000
3,57576	27,10000
3,60606	27,20000
3,60606	27,30000
3,63636	27,40000
3,66667	27,50000
3,69697	27,60000
3,72727	27,70000
3,72727	27,80000
3,75758	27,90000
3,75758	28,00000
3,78788	28,10000
3,81818	28,20000
3,84848	28,30000
3,84848	28,40000
3,87879	28,50000
3,90909	28,60000
3,90909	28,70000
3,93939	28,80000
3,96970	28,90000
3,96970	29,00000
4,00000	29,10000
4,03030	29,20000
4,03030	29,30000
4,06061	29,40000
4,09091	29,50000
4,09091	29,60000
4,12121	29,70000
4,15152	29,80000
4,18182	29,90000
4,18182	30,00000
4,21212	30,10000
4,24242	30,20000
4,27273	30,30000
4,27273	30,40000
4,30303	30,50000
4,33333	30,60000
4,36364	30,70000
4,39394	30,80000
4,39394	30,90000
4,42424	31,00000
4,45455	31,10000
4,45455	31,20000
4,48485	31,30000
4,51515	31,40000
4,51515	31,50000
4,54545	31,60000
4,57576	31,70000
4,60606	31,80000
4,63636	31,90000
4,63636	32,00000
4,66667	32,10000
4,66667	32,20000
4,69697	32,30000
4,72727	32,40000
4,75758	32,50000
4,75758	32,60000
4,78788	32,70000
4,81818	32,80000
4,84848	32,90000
4,84848	33,00000
4,87879	33,10000
4,90909	33,20000
4,93939	33,30000
4,93939	33,40000
4,96970	33,50000
5,00000	33,60000
5,00000	33,70000
5,03030	33,80000
5,06061	33,90000
5,09091	34,00000
5,09091	34,10000
5,12121	34,20000
5,15152	34,30000
5,18182	34,40000
5,18182	34,50000
5,21212	34,60000
5,24242	34,70000
5,24242	34,80000
5,27273	34,90000
5,30303	35,00000
5,33333	35,10000
5,33333	35,20000
5,36364	35,30000
5,39394	35,40000
5,42424	35,50000
5,42424	35,60000
5,45455	35,70000
5,48485	35,80000
5,48485	35,90000
5,51515	36,00000
5,54545	36,10000
5,57576	36,20000
5,57576	36,30000
5,60606	36,40000
5,60606	36,50000
5,63636	36,60000
5,63636	36,70000
5,66667	36,80000
5,66667	36,90000
5,66667	37,00000
5,69697	37,10000
5,69697	37,20000
5,72727	37,30000
5,75758	37,40000
5,78788	37,50000
5,81818	37,60000
5,84848	37,70000
5,87879	37,80000
5,90909	37,90000
5,90909	38,00000
5,93939	38,10000
5,96970	38,20000
6,00000	38,30000
6,00000	38,40000
6,03030	38,50000
6,06061	38,60000
6,09091	38,70000
6,09091	38,80000
6,12121	38,90000
6,15152	39,00000
6,18182	39,10000
6,18182	39,20000
6,21212	39,30000
6,24242	39,40000
6,24242	39,50000
6,27273	39,60000
6,30303	39,70000
6,30303	39,80000
6,33333	39,90000
6,36364	40,00000
6,39394	40,10000
6,42424	40,20000
6,42424	40,30000
6,45455	40,40000
6,48485	40,50000
6,48485	40,60000
6,51515	40,70000
6,54545	40,80000
6,57576	40,90000
6,60606	41,00000
6,60606	41,10000
6,63636	41,20000
6,66667	41,30000
6,66667	41,40000
6,69697	41,50000
6,72727	41,60000
6,75758	41,70000
6,75758	41,80000
6,78788	41,90000
6,81818	42,00000
6,81818	42,10000
6,84848	42,20000
6,87879	42,30000
6,90909	42,40000
6,93939	42,50000
6,93939	42,60000
6,96970	42,70000
7,00000	42,80000
7,02970	42,90000
7,02970	43,00000
7,05941	43,10000
7,08911	43,20000
7,11881	43,30000
7,14851	43,40000
7,17822	43,50000
7,17822	43,60000
7,20792	43,70000
7,23762	43,80000
7,26733	43,90000
7,26733	44,00000
7,29703	44,10000
7,32673	44,20000
7,35644	44,30000
7,38614	44,40000
7,38614	44,50000
7,41584	44,60000
7,44554	44,70000
7,47525	44,80000
7,47525	44,90000
7,50495	45,00000
7,53465	45,10000
7,56436	45,20000
7,59406	45,30000
7,62376	45,40000
7,62376	45,50000
7,65347	45,60000
7,65347	45,70000
7,68317	45,80000
7,71287	45,90000
7,74257	46,00000
7,74257	46,10000
7,77228	46,20000
7,80198	46,30000
7,83168	46,40000
7,83168	46,50000
7,86139	46,60000
7,89109	46,70000
7,92079	46,80000
7,92079	46,90000
7,95049	47,00000
7,98020	47,10000
8,00990	47,20000
8,03960	47,30000
8,03960	47,40000
8,06931	47,50000
8,09901	47,60000
8,12871	47,70000
8,12871	47,80000
8,15842	47,90000
8,18812	48,00000
8,21782	48,10000
8,24753	48,20000
8,24753	48,30000
8,27723	48,40000
8,30693	48,50000
8,33663	48,60000
8,33663	48,70000
8,36634	48,80000
8,39604	48,90000
8,42574	49,00000
8,45545	49,10000
8,45545	49,20000
8,48515	49,30000
8,51485	49,40000
8,54455	49,50000
8,57426	49,60000
8,57426	49,70000
8,60396	49,80000
8,63366	49,90000
8,66337	50,00000
8,69307	50,10000
8,69307	50,20000
8,72277	50,30000
8,75247	50,40000
8,78218	50,50000
8,81188	50,60000
8,81188	50,70000
8,84158	50,80000
8,87129	50,90000
8,90099	51,00000
8,93069	51,10000
8,93069	51,20000
8,96040	51,30000
8,99010	51,40000
9,01980	51,50000
9,04950	51,60000
9,07921	51,70000
9,10891	51,80000
9,10891	51,90000
9,13861	52,00000
9,16832	52,10000
9,16832	52,20000
9,19802	52,30000
9,22772	52,40000
9,25743	52,50000
9,28713	52,60000
9,28713	52,70000
9,31683	52,80000
9,34653	52,90000
9,34653	53,00000
9,37624	53,10000
9,40594	53,20000
9,43564	53,30000
9,46535	53,40000
9,46535	53,50000
9,49505	53,60000
9,52475	53,70000
9,55446	53,80000
9,58416	53,90000
9,58416	54,00000
9,61386	54,10000
9,64356	54,20000
9,67327	54,30000
9,70297	54,40000
9,73267	54,50000
9,73267	54,60000
9,76238	54,70000
9,79208	54,80000
9,82178	54,90000
9,82178	55,00000
9,85148	55,10000
9,88119	55,20000
9,91089	55,30000
9,94059	55,40000
9,94059	55,50000
9,97030	55,60000
10,00000	55,70000
10,03012	55,80000
10,03012	55,90000
10,06024	56,00000
10,09036	56,10000
10,12048	56,20000
10,15060	56,30000
10,15060	56,40000
10,18072	56,50000
10,21084	56,60000
10,21084	56,70000
10,24096	56,80000
10,27108	56,90000
10,30120	57,00000
10,33132	57,10000
10,36145	57,20000
10,36145	57,30000
10,39157	57,40000
10,42169	57,50000
10,42169	57,60000
10,45181	57,70000
10,48193	57,80000
10,51205	57,90000
10,54217	58,00000
10,54217	58,10000
10,57229	58,20000
10,60241	58,30000
10,63253	58,40000
10,66265	58,50000
10,66265	58,60000
10,69277	58,70000
10,72289	58,80000
10,75301	58,90000
10,78313	59,00000
10,78313	59,10000
10,81325	59,20000
10,84337	59,30000
10,84337	59,40000
10,87349	59,50000
10,90361	59,60000
10,93373	59,70000
10,93373	59,80000
10,96386	59,90000
10,99398	60,00000
11,02410	60,10000
11,02410	60,20000
11,05422	60,30000
11,08434	60,40000
11,08434	60,50000
11,11446	60,60000
11,14458	60,70000
11,17470	60,80000
11,20482	60,90000
11,23494	61,00000
11,23494	61,10000
11,26506	61,20000
11,29518	61,30000
11,29518	61,40000
11,35542	61,50000
11,35542	61,60000
11,38554	61,70000
11,41566	61,80000
11,44578	61,90000
11,47590	62,00000
11,50602	62,10000
11,50602	62,20000
11,53614	62,30000
11,56627	62,40000
11,59639	62,50000
11,62651	62,60000
11,62651	62,70000
11,65663	62,80000
11,68675	62,90000
11,68675	63,00000
11,71687	63,10000
11,71687	63,20000
11,74699	63,30000
11,74699	63,40000
11,65663	63,50000
11,62651	63,60000
11,65663	63,70000
11,68675	63,80000
11,71687	63,90000
11,71687	64,00000
11,74699	64,10000
11,77711	64,20000
11,77711	64,30000
11,80723	64,40000
11,83735	64,50000
11,86747	64,60000
11,89759	64,70000
11,92771	64,80000
11,95783	64,90000
11,95783	65,00000
11,95783	65,10000
11,98795	65,20000
12,01807	65,30000
12,04819	65,40000
12,04819	65,50000
12,07831	65,60000
12,07831	65,70000
12,10843	65,80000
12,10843	65,90000
12,07831	66,00000
12,07831	66,10000
12,10843	66,20000
12,10843	66,30000
12,13855	66,40000
12,16867	66,50000
12,16867	66,60000
12,04819	66,70000
12,01807	66,80000
11,95783	66,90000
11,92771	67,00000
11,92771	67,10000
11,92771	67,20000
11,95783	67,30000
11,92771	67,40000
11,83735	67,50000
11,83735	67,60000
11,83735	67,70000
11,80723	67,80000
11,80723	67,90000
11,80723	68,00000
11,83735	68,10000
11,83735	68,20000
11,80723	68,30000
11,59639	68,40000
11,56627	68,50000
11,56627	68,60000
11,59639	68,70000
11,59639	68,80000
11,59639	68,90000
11,59639	69,00000
11,59639	69,10000
11,59639	69,20000
11,59639	69,30000
11,47590	69,40000
10,81325	69,50000
10,60241	69,60000
10,45181	69,70000
10,27108	69,80000
10,18072	69,90000
10,09036	70,00000
9,91089	70,10000
9,85148	70,20000
9,79208	70,30000
9,76238	70,40000
9,67327	70,50000
9,61386	70,60000
