HBM_CATMAN12_DATAFILE
22/03/10
08:56
CHANNELS: 2
SEPARATOR: 9
MAXLINES: 714

Cel 500Kg	T(Cel 500Kg)
kgf	s
5	5

0,06061	0,00000
0,03030	0,10000
0,06061	0,20000
0,06061	0,30000
0,06061	0,40000
0,06061	0,50000
0,06061	0,60000
0,06061	0,70000
0,03030	0,80000
0,06061	0,90000
0,03030	1,00000
0,06061	1,10000
0,06061	1,20000
0,06061	1,30000
0,06061	1,40000
0,06061	1,50000
0,06061	1,60000
0,06061	1,70000
0,09091	1,80000
0,09091	1,90000
0,09091	2,00000
0,09091	2,10000
0,09091	2,20000
0,09091	2,30000
0,12121	2,40000
0,12121	2,50000
0,12121	2,60000
0,15152	2,70000
0,15152	2,80000
0,15152	2,90000
0,15152	3,00000
0,15152	3,10000
0,18182	3,20000
0,18182	3,30000
0,18182	3,40000
0,18182	3,50000
0,21212	3,60000
0,21212	3,70000
0,21212	3,80000
0,21212	3,90000
0,24242	4,00000
0,24242	4,10000
0,24242	4,20000
0,27273	4,30000
0,27273	4,40000
0,27273	4,50000
0,30303	4,60000
0,30303	4,70000
0,30303	4,80000
0,30303	4,90000
0,33333	5,00000
0,33333	5,10000
0,36364	5,20000
0,36364	5,30000
0,36364	5,40000
0,39394	5,50000
0,39394	5,60000
0,39394	5,70000
0,42424	5,80000
0,42424	5,90000
0,42424	6,00000
0,45455	6,10000
0,45455	6,20000
0,48485	6,30000
0,48485	6,40000
0,51515	6,50000
0,51515	6,60000
0,51515	6,70000
0,51515	6,80000
0,54545	6,90000
0,54545	7,00000
0,57576	7,10000
0,57576	7,20000
0,60606	7,30000
0,60606	7,40000
0,63636	7,50000
0,63636	7,60000
0,66667	7,70000
0,66667	7,80000
0,69697	7,90000
0,69697	8,00000
0,69697	8,10000
0,72727	8,20000
0,72727	8,30000
0,75758	8,40000
0,78788	8,50000
0,78788	8,60000
0,81818	8,70000
0,81818	8,80000
0,84848	8,90000
0,84848	9,00000
0,87879	9,10000
0,87879	9,20000
0,90909	9,30000
0,93939	9,40000
0,93939	9,50000
0,96970	9,60000
1,00000	9,70000
1,00000	9,80000
1,03030	9,90000
1,03030	10,00000
1,06061	10,10000
1,09091	10,20000
1,09091	10,30000
1,12121	10,40000
1,15152	10,50000
1,15152	10,60000
1,18182	10,70000
1,18182	10,80000
1,21212	10,90000
1,24242	11,00000
1,24242	11,10000
1,27273	11,20000
1,27273	11,30000
1,30303	11,40000
1,30303	11,50000
1,33333	11,60000
1,33333	11,70000
1,36364	11,80000
1,36364	11,90000
1,36364	12,00000
1,39394	12,10000
1,39394	12,20000
1,42424	12,30000
1,45455	12,40000
1,48485	12,50000
1,51515	12,60000
1,51515	12,70000
1,54545	12,80000
1,57576	12,90000
1,60606	13,00000
1,63636	13,10000
1,63636	13,20000
1,66667	13,30000
1,69697	13,40000
1,72727	13,50000
1,75758	13,60000
1,78788	13,70000
1,81818	13,80000
1,81818	13,90000
1,84848	14,00000
1,87879	14,10000
1,90909	14,20000
1,93939	14,30000
1,96970	14,40000
2,00000	14,50000
2,03030	14,60000
2,06061	14,70000
2,09091	14,80000
2,12121	14,90000
2,15152	15,00000
2,18182	15,10000
2,21212	15,20000
2,24242	15,30000
2,27273	15,40000
2,30303	15,50000
2,33333	15,60000
2,36364	15,70000
2,39394	15,80000
2,42424	15,90000
2,45455	16,00000
2,48485	16,10000
2,51515	16,20000
2,54545	16,30000
2,57576	16,40000
2,57576	16,50000
2,63636	16,60000
2,66667	16,70000
2,69697	16,80000
2,69697	16,90000
2,75758	17,00000
2,75758	17,10000
2,78788	17,20000
2,81818	17,30000
2,84848	17,40000
2,87879	17,50000
2,90909	17,60000
2,93939	17,70000
2,96970	17,80000
3,00000	17,90000
3,03030	18,00000
3,06061	18,10000
3,09091	18,20000
3,12121	18,30000
3,15152	18,40000
3,18182	18,50000
3,18182	18,60000
3,21212	18,70000
3,24242	18,80000
3,27273	18,90000
3,30303	19,00000
3,33333	19,10000
3,36364	19,20000
3,36364	19,30000
3,39394	19,40000
3,42424	19,50000
3,45455	19,60000
3,48485	19,70000
3,51515	19,80000
3,54545	19,90000
3,54545	20,00000
3,57576	20,10000
3,60606	20,20000
3,63636	20,30000
3,66667	20,40000
3,69697	20,50000
3,72727	20,60000
3,72727	20,70000
3,75758	20,80000
3,78788	20,90000
3,81818	21,00000
3,84848	21,10000
3,84848	21,20000
3,87879	21,30000
3,90909	21,40000
3,93939	21,50000
3,93939	21,60000
3,96970	21,70000
4,00000	21,80000
4,03030	21,90000
4,06061	22,00000
4,06061	22,10000
4,09091	22,20000
4,12121	22,30000
4,15152	22,40000
4,15152	22,50000
4,18182	22,60000
4,21212	22,70000
4,24242	22,80000
4,27273	22,90000
4,27273	23,00000
4,30303	23,10000
4,33333	23,20000
4,36364	23,30000
4,36364	23,40000
4,39394	23,50000
4,42424	23,60000
4,45455	23,70000
4,45455	23,80000
4,48485	23,90000
4,48485	24,00000
4,51515	24,10000
4,54545	24,20000
4,57576	24,30000
4,60606	24,40000
4,60606	24,50000
4,63636	24,60000
4,66667	24,70000
4,69697	24,80000
4,69697	24,90000
4,72727	25,00000
4,75758	25,10000
4,78788	25,20000
4,78788	25,30000
4,81818	25,40000
4,84848	25,50000
4,84848	25,60000
4,87879	25,70000
4,90909	25,80000
4,90909	25,90000
4,93939	26,00000
4,96970	26,10000
5,00000	26,20000
5,00000	26,30000
5,03030	26,40000
5,06061	26,50000
5,06061	26,60000
5,09091	26,70000
5,12121	26,80000
5,15152	26,90000
5,15152	27,00000
5,18182	27,10000
5,21212	27,20000
5,24242	27,30000
5,24242	27,40000
5,27273	27,50000
5,30303	27,60000
5,33333	27,70000
5,33333	27,80000
5,36364	27,90000
5,39394	28,00000
5,39394	28,10000
5,42424	28,20000
5,45455	28,30000
5,45455	28,40000
5,48485	28,50000
5,51515	28,60000
5,54545	28,70000
5,54545	28,80000
5,54545	28,90000
5,57576	29,00000
5,57576	29,10000
5,57576	29,20000
5,60606	29,30000
5,63636	29,40000
5,66667	29,50000
5,69697	29,60000
5,72727	29,70000
5,75758	29,80000
5,78788	29,90000
5,78788	30,00000
5,81818	30,10000
5,84848	30,20000
5,87879	30,30000
5,90909	30,40000
5,93939	30,50000
5,93939	30,60000
5,96970	30,70000
5,96970	30,80000
6,00000	30,90000
6,03030	31,00000
6,06061	31,10000
6,09091	31,20000
6,09091	31,30000
6,12121	31,40000
6,15152	31,50000
6,15152	31,60000
6,18182	31,70000
6,21212	31,80000
6,24242	31,90000
6,27273	32,00000
6,27273	32,10000
6,30303	32,20000
6,33333	32,30000
6,36364	32,40000
6,36364	32,50000
6,39394	32,60000
6,42424	32,70000
6,42424	32,80000
6,45455	32,90000
6,48485	33,00000
6,51515	33,10000
6,54545	33,20000
6,54545	33,30000
6,57576	33,40000
6,60606	33,50000
6,60606	33,60000
6,63636	33,70000
6,66667	33,80000
6,69697	33,90000
6,69697	34,00000
6,72727	34,10000
6,75758	34,20000
6,75758	34,30000
6,78788	34,40000
6,81818	34,50000
6,84848	34,60000
6,84848	34,70000
6,87879	34,80000
6,90909	34,90000
6,93939	35,00000
6,96970	35,10000
6,96970	35,20000
7,00000	35,30000
7,02970	35,40000
7,05941	35,50000
7,05941	35,60000
7,08911	35,70000
7,11881	35,80000
7,14851	35,90000
7,14851	36,00000
7,17822	36,10000
7,20792	36,20000
7,20792	36,30000
7,23762	36,40000
7,26733	36,50000
7,29703	36,60000
7,32673	36,70000
7,32673	36,80000
7,35644	36,90000
7,38614	37,00000
7,41584	37,10000
7,41584	37,20000
7,44554	37,30000
7,47525	37,40000
7,50495	37,50000
7,53465	37,60000
7,53465	37,70000
7,56436	37,80000
7,59406	37,90000
7,59406	38,00000
7,62376	38,10000
7,65347	38,20000
7,68317	38,30000
7,71287	38,40000
7,74257	38,50000
7,74257	38,60000
7,77228	38,70000
7,80198	38,80000
7,80198	38,90000
7,83168	39,00000
7,86139	39,10000
7,89109	39,20000
7,92079	39,30000
7,92079	39,40000
7,95049	39,50000
7,98020	39,60000
8,00990	39,70000
8,03960	39,80000
8,06931	39,90000
8,06931	40,00000
8,09901	40,10000
8,12871	40,20000
8,12871	40,30000
8,15842	40,40000
8,18812	40,50000
8,21782	40,60000
8,24753	40,70000
8,27723	40,80000
8,27723	40,90000
8,30693	41,00000
8,33663	41,10000
8,33663	41,20000
8,36634	41,30000
8,39604	41,40000
8,42574	41,50000
8,42574	41,60000
8,45545	41,70000
8,48515	41,80000
8,51485	41,90000
8,54455	42,00000
8,57426	42,10000
8,57426	42,20000
8,60396	42,30000
8,63366	42,40000
8,66337	42,50000
8,69307	42,60000
8,69307	42,70000
8,72277	42,80000
8,75247	42,90000
8,78218	43,00000
8,81188	43,10000
8,84158	43,20000
8,87129	43,30000
8,90099	43,40000
8,93069	43,50000
8,96040	43,60000
8,99010	43,70000
8,99010	43,80000
9,01980	43,90000
9,04950	44,00000
9,07921	44,10000
9,10891	44,20000
9,13861	44,30000
9,16832	44,40000
9,19802	44,50000
9,19802	44,60000
9,22772	44,70000
9,25743	44,80000
9,28713	44,90000
9,31683	45,00000
9,34653	45,10000
9,37624	45,20000
9,37624	45,30000
9,43564	45,40000
9,43564	45,50000
9,49505	45,60000
9,49505	45,70000
9,52475	45,80000
9,55446	45,90000
9,58416	46,00000
9,61386	46,10000
9,64356	46,20000
9,67327	46,30000
9,70297	46,40000
9,73267	46,50000
9,76238	46,60000
9,79208	46,70000
9,82178	46,80000
9,85148	46,90000
9,88119	47,00000
9,88119	47,10000
9,91089	47,20000
9,94059	47,30000
9,97030	47,40000
10,00000	47,50000
10,03012	47,60000
10,06024	47,70000
10,09036	47,80000
10,12048	47,90000
10,15060	48,00000
10,18072	48,10000
10,21084	48,20000
10,24096	48,30000
10,24096	48,40000
10,27108	48,50000
10,30120	48,60000
10,36145	48,70000
10,39157	48,80000
10,39157	48,90000
10,42169	49,00000
10,45181	49,10000
10,48193	49,20000
10,51205	49,30000
10,54217	49,40000
10,57229	49,50000
10,60241	49,60000
10,63253	49,70000
10,66265	49,80000
10,69277	49,90000
10,72289	50,00000
10,75301	50,10000
10,78313	50,20000
10,81325	50,30000
10,84337	50,40000
10,87349	50,50000
10,90361	50,60000
10,93373	50,70000
10,96386	50,80000
10,96386	50,90000
10,99398	51,00000
11,05422	51,10000
11,08434	51,20000
11,11446	51,30000
11,14458	51,40000
11,17470	51,50000
11,20482	51,60000
11,23494	51,70000
11,26506	51,80000
11,29518	51,90000
11,32530	52,00000
11,38554	52,10000
11,41566	52,20000
11,44578	52,30000
11,47590	52,40000
11,50602	52,50000
11,53614	52,60000
11,56627	52,70000
11,59639	52,80000
11,62651	52,90000
11,65663	53,00000
11,68675	53,10000
11,71687	53,20000
11,74699	53,30000
11,80723	53,40000
11,83735	53,50000
11,86747	53,60000
11,86747	53,70000
11,92771	53,80000
11,95783	53,90000
11,98795	54,00000
12,01807	54,10000
12,04819	54,20000
12,10843	54,30000
12,13855	54,40000
12,16867	54,50000
12,19879	54,60000
12,22892	54,70000
12,25904	54,80000
12,28916	54,90000
12,31928	55,00000
12,34940	55,10000
12,40964	55,20000
12,43976	55,30000
12,46988	55,40000
12,50000	55,50000
12,53012	55,60000
12,56024	55,70000
12,59036	55,80000
12,62048	55,90000
12,65060	56,00000
12,71084	56,10000
12,74096	56,20000
12,77108	56,30000
12,80120	56,40000
12,83133	56,50000
12,86145	56,60000
12,89157	56,70000
12,95181	56,80000
12,98193	56,90000
13,01205	57,00000
13,04217	57,10000
13,10241	57,20000
13,13253	57,30000
13,16265	57,40000
13,19277	57,50000
13,22289	57,60000
13,25301	57,70000
13,31325	57,80000
13,34337	57,90000
13,37349	58,00000
13,40361	58,10000
13,43373	58,20000
13,49398	58,30000
13,52410	58,40000
13,55422	58,50000
13,58434	58,60000
13,61446	58,70000
13,67470	58,80000
13,70482	58,90000
13,73494	59,00000
13,76506	59,10000
13,82530	59,20000
13,85542	59,30000
13,88554	59,40000
13,91566	59,50000
13,97590	59,60000
14,00602	59,70000
14,03614	59,80000
14,06627	59,90000
14,12651	60,00000
14,15663	60,10000
14,18675	60,20000
14,24699	60,30000
14,27711	60,40000
14,30723	60,50000
14,36747	60,60000
14,39759	60,70000
14,42771	60,80000
14,48795	60,90000
14,51807	61,00000
14,54819	61,10000
14,57831	61,20000
14,60843	61,30000
14,66867	61,40000
14,69879	61,50000
14,72892	61,60000
14,78916	61,70000
14,81928	61,80000
14,84940	61,90000
14,90964	62,00000
14,93976	62,10000
14,96988	62,20000
15,00000	62,30000
15,03012	62,40000
15,09036	62,50000
15,12048	62,60000
15,15060	62,70000
15,18072	62,80000
15,24096	62,90000
15,27108	63,00000
15,30120	63,10000
15,33133	63,20000
15,36145	63,30000
15,42169	63,40000
15,45181	63,50000
15,51205	63,60000
15,54217	63,70000
15,57229	63,80000
15,60241	63,90000
15,66265	64,00000
15,69277	64,10000
15,72289	64,20000
15,75301	64,30000
15,78313	64,40000
15,84337	64,50000
15,87349	64,60000
15,93373	64,70000
15,96386	64,80000
15,99398	64,90000
16,05422	65,00000
16,08434	65,10000
16,11446	65,20000
16,14458	65,30000
16,20482	65,40000
16,23494	65,50000
16,26506	65,60000
16,29518	65,70000
16,35542	65,80000
16,38554	65,90000
16,41566	66,00000
16,44578	66,10000
16,47590	66,20000
16,53614	66,30000
16,56627	66,40000
16,62650	66,50000
16,65663	66,60000
16,68675	66,70000
16,74699	66,80000
16,77711	66,90000
16,80723	67,00000
16,83735	67,10000
16,86747	67,20000
16,92771	67,30000
16,95783	67,40000
16,98795	67,50000
17,04819	67,60000
17,07831	67,70000
17,10843	67,80000
17,16868	67,90000
17,19880	68,00000
17,22892	68,10000
17,25904	68,20000
17,28916	68,30000
17,31928	68,40000
17,37952	68,50000
17,40964	68,60000
17,43976	68,70000
17,46988	68,80000
17,50000	68,90000
17,53012	69,00000
17,56024	69,10000
17,59036	69,20000
17,62048	69,30000
17,68072	69,40000
17,71084	69,50000
17,74096	69,60000
17,77108	69,70000
17,43976	69,80000
12,65060	69,90000
11,80723	70,00000
11,74699	70,10000
11,74699	70,20000
11,77711	70,30000
11,83735	70,40000
11,83735	70,50000
11,89759	70,60000
11,92771	70,70000
11,98795	70,80000
12,01807	70,90000
12,04819	71,00000
12,07831	71,10000
12,10843	71,20000
-992,96973	71,30000
